hand_type,palm_position_x,palm_position_y,palm_position_z,palm_velocity_x,palm_velocity_y,palm_velocity_z,palm_normal_x,palm_normal_y,palm_normal_z,palm_direction_x,palm_direction_y,palm_direction_z,palm_orientation_x,palm_orientation_y,palm_orientation_z,palm_orientation_w,palm_grab_strength,palm_pinch_strength,thumb_metacarpal_prev_joint_x,thumb_metacarpal_prev_joint_y,thumb_metacarpal_prev_joint_z,thumb_metacarpal_next_joint_x,thumb_metacarpal_next_joint_y,thumb_metacarpal_next_joint_z,thumb_metacarpal_rotation_x,thumb_metacarpal_rotation_y,thumb_metacarpal_rotation_z,thumb_metacarpal_rotation_w,thumb_proximal_prev_joint_x,thumb_proximal_prev_joint_y,thumb_proximal_prev_joint_z,thumb_proximal_next_joint_x,thumb_proximal_next_joint_y,thumb_proximal_next_joint_z,thumb_proximal_rotation_x,thumb_proximal_rotation_y,thumb_proximal_rotation_z,thumb_proximal_rotation_w,thumb_middle_prev_joint_x,thumb_middle_prev_joint_y,thumb_middle_prev_joint_z,thumb_middle_next_joint_x,thumb_middle_next_joint_y,thumb_middle_next_joint_z,thumb_middle_rotation_x,thumb_middle_rotation_y,thumb_middle_rotation_z,thumb_middle_rotation_w,thumb_distal_prev_joint_x,thumb_distal_prev_joint_y,thumb_distal_prev_joint_z,thumb_distal_next_joint_x,thumb_distal_next_joint_y,thumb_distal_next_joint_z,thumb_distal_rotation_x,thumb_distal_rotation_y,thumb_distal_rotation_z,thumb_distal_rotation_w,index_metacarpal_prev_joint_x,index_metacarpal_prev_joint_y,index_metacarpal_prev_joint_z,index_metacarpal_next_joint_x,index_metacarpal_next_joint_y,index_metacarpal_next_joint_z,index_metacarpal_rotation_x,index_metacarpal_rotation_y,index_metacarpal_rotation_z,index_metacarpal_rotation_w,index_proximal_prev_joint_x,index_proximal_prev_joint_y,index_proximal_prev_joint_z,index_proximal_next_joint_x,index_proximal_next_joint_y,index_proximal_next_joint_z,index_proximal_rotation_x,index_proximal_rotation_y,index_proximal_rotation_z,index_proximal_rotation_w,index_middle_prev_joint_x,index_middle_prev_joint_y,index_middle_prev_joint_z,index_middle_next_joint_x,index_middle_next_joint_y,index_middle_next_joint_z,index_middle_rotation_x,index_middle_rotation_y,index_middle_rotation_z,index_middle_rotation_w,index_distal_prev_joint_x,index_distal_prev_joint_y,index_distal_prev_joint_z,index_distal_next_joint_x,index_distal_next_joint_y,index_distal_next_joint_z,index_distal_rotation_x,index_distal_rotation_y,index_distal_rotation_z,index_distal_rotation_w,middle_metacarpal_prev_joint_x,middle_metacarpal_prev_joint_y,middle_metacarpal_prev_joint_z,middle_metacarpal_next_joint_x,middle_metacarpal_next_joint_y,middle_metacarpal_next_joint_z,middle_metacarpal_rotation_x,middle_metacarpal_rotation_y,middle_metacarpal_rotation_z,middle_metacarpal_rotation_w,middle_proximal_prev_joint_x,middle_proximal_prev_joint_y,middle_proximal_prev_joint_z,middle_proximal_next_joint_x,middle_proximal_next_joint_y,middle_proximal_next_joint_z,middle_proximal_rotation_x,middle_proximal_rotation_y,middle_proximal_rotation_z,middle_proximal_rotation_w,middle_middle_prev_joint_x,middle_middle_prev_joint_y,middle_middle_prev_joint_z,middle_middle_next_joint_x,middle_middle_next_joint_y,middle_middle_next_joint_z,middle_middle_rotation_x,middle_middle_rotation_y,middle_middle_rotation_z,middle_middle_rotation_w,middle_distal_prev_joint_x,middle_distal_prev_joint_y,middle_distal_prev_joint_z,middle_distal_next_joint_x,middle_distal_next_joint_y,middle_distal_next_joint_z,middle_distal_rotation_x,middle_distal_rotation_y,middle_distal_rotation_z,middle_distal_rotation_w,ring_metacarpal_prev_joint_x,ring_metacarpal_prev_joint_y,ring_metacarpal_prev_joint_z,ring_metacarpal_next_joint_x,ring_metacarpal_next_joint_y,ring_metacarpal_next_joint_z,ring_metacarpal_rotation_x,ring_metacarpal_rotation_y,ring_metacarpal_rotation_z,ring_metacarpal_rotation_w,ring_proximal_prev_joint_x,ring_proximal_prev_joint_y,ring_proximal_prev_joint_z,ring_proximal_next_joint_x,ring_proximal_next_joint_y,ring_proximal_next_joint_z,ring_proximal_rotation_x,ring_proximal_rotation_y,ring_proximal_rotation_z,ring_proximal_rotation_w,ring_middle_prev_joint_x,ring_middle_prev_joint_y,ring_middle_prev_joint_z,ring_middle_next_joint_x,ring_middle_next_joint_y,ring_middle_next_joint_z,ring_middle_rotation_x,ring_middle_rotation_y,ring_middle_rotation_z,ring_middle_rotation_w,ring_distal_prev_joint_x,ring_distal_prev_joint_y,ring_distal_prev_joint_z,ring_distal_next_joint_x,ring_distal_next_joint_y,ring_distal_next_joint_z,ring_distal_rotation_x,ring_distal_rotation_y,ring_distal_rotation_z,ring_distal_rotation_w,pinky_metacarpal_prev_joint_x,pinky_metacarpal_prev_joint_y,pinky_metacarpal_prev_joint_z,pinky_metacarpal_next_joint_x,pinky_metacarpal_next_joint_y,pinky_metacarpal_next_joint_z,pinky_metacarpal_rotation_x,pinky_metacarpal_rotation_y,pinky_metacarpal_rotation_z,pinky_metacarpal_rotation_w,pinky_proximal_prev_joint_x,pinky_proximal_prev_joint_y,pinky_proximal_prev_joint_z,pinky_proximal_next_joint_x,pinky_proximal_next_joint_y,pinky_proximal_next_joint_z,pinky_proximal_rotation_x,pinky_proximal_rotation_y,pinky_proximal_rotation_z,pinky_proximal_rotation_w,pinky_middle_prev_joint_x,pinky_middle_prev_joint_y,pinky_middle_prev_joint_z,pinky_middle_next_joint_x,pinky_middle_next_joint_y,pinky_middle_next_joint_z,pinky_middle_rotation_x,pinky_middle_rotation_y,pinky_middle_rotation_z,pinky_middle_rotation_w,pinky_distal_prev_joint_x,pinky_distal_prev_joint_y,pinky_distal_prev_joint_z,pinky_distal_next_joint_x,pinky_distal_next_joint_y,pinky_distal_next_joint_z,pinky_distal_rotation_x,pinky_distal_rotation_y,pinky_distal_rotation_z,pinky_distal_rotation_w
right,0.05999099,0.1756522,0.02220616,0.01256395,-0.0421286,0.1107951,-0.221863,-0.9703324,0.0960829,-0.3310634,0.1676466,0.9285966,-0.0675025,-0.1764798,-0.1013767,0.97674,1,0.6073726,0.06021965,0.1713152,-0.01510072,0.06021965,0.1713152,-0.01510072,-0.2806388,-0.2857801,0.4085092,0.8201779,0.06021965,0.1713152,-0.01510072,0.03176229,0.1746051,0.004311564,-0.2701465,-0.3827978,0.4231252,0.7755332,0.03176229,0.1746051,0.004311564,0.01978057,0.1730186,0.01897084,-0.1337971,-0.3103443,0.4828321,0.8078724,0.01978057,0.1730186,0.01897084,0.01921543,0.1683648,0.02996794,0.1492363,-0.133331,0.5599327,0.8040067,0.06430969,0.1804006,-0.0112175,0.03932456,0.1827826,0.03108525,-0.004311485,-0.2645184,-0.07586537,0.9613823,0.03932456,0.1827826,0.03108525,0.03448645,0.1659335,0.04339813,0.4352262,-0.1522868,0.05052324,0.8859087,0.03448645,0.1659335,0.04339813,0.03775021,0.1558125,0.03546592,-0.8928878,0.04125909,-0.1571658,-0.4199381,0.03775021,0.1558125,0.03546592,0.04206461,0.1553446,0.02559847,-0.9775878,-0.04487325,-0.2032596,-0.03152898,0.07049628,0.1814136,-0.006608307,0.05243294,0.1826694,0.03638017,0.01852611,-0.1971399,-0.1591709,0.9671904,0.05243294,0.1826694,0.03638017,0.0403081,0.162601,0.04369587,0.5189701,-0.2859101,-0.03216165,0.8049168,0.0403081,0.162601,0.04369587,0.04348255,0.1546267,0.02830721,-0.9313452,0.2631901,-0.1531477,-0.1996823,0.04348255,0.1546267,0.02830721,0.04885837,0.1572103,0.01847996,-0.943334,0.1937921,-0.2143478,0.1631584,0.07830158,0.1781352,-0.002268327,0.06797503,0.1781128,0.0383191,0.02474099,-0.1217607,-0.1954718,0.9728068,0.06797503,0.1781128,0.0383191,0.05487276,0.1586692,0.04441774,0.5451828,-0.2773228,-0.09659034,0.7851993,0.05487276,0.1586692,0.04441774,0.05549157,0.1543084,0.03115478,-0.9273601,0.3384112,-0.07524732,-0.1407799,0.05549157,0.1543084,0.03115478,0.0591465,0.1566174,0.02237653,-0.9260064,0.3017708,-0.144786,0.1745951,0.08469921,0.1712034,-0.002374592,0.08068859,0.1717093,0.03618244,0.008041208,-0.05158335,-0.2760724,0.9597179,0.08068859,0.1717093,0.03618244,0.07103363,0.1595308,0.0402351,0.5572662,-0.251575,-0.1929145,0.7674297,0.07103363,0.1595308,0.0402351,0.0687623,0.1545201,0.0285114,-0.9101649,0.3524783,0.01220405,-0.2172786,0.0687623,0.1545201,0.0285114,0.07055944,0.1564873,0.02086514,-0.9236848,0.3449067,-0.06234367,0.1547871
right,0.06013253,0.1753344,0.02329305,0.01628203,-0.03655979,0.1250303,-0.2231425,-0.9702688,0.09373224,-0.3290362,0.1654853,0.9297042,-0.06633491,-0.17535,-0.1022998,0.9769272,1,0.6103265,0.06027335,0.1710992,-0.01403074,0.06027335,0.1710992,-0.01403074,-0.2792897,-0.2853687,0.4077505,0.8211586,0.06027335,0.1710992,-0.01403074,0.03189911,0.1743119,0.005488371,-0.2677884,-0.3822741,0.4227,0.7768401,0.03189911,0.1743119,0.005488371,0.01993542,0.1726835,0.02013814,-0.1322925,-0.310896,0.4819593,0.8084291,0.01993542,0.1726835,0.02013814,0.01936885,0.1679711,0.03108742,0.1516304,-0.1351134,0.559486,0.803572,0.06439108,0.1801706,-0.01012509,0.03949305,0.1824687,0.03222754,-0.003207872,-0.2634871,-0.0769633,0.9615825,0.03949305,0.1824687,0.03222754,0.03461699,0.1656417,0.04451177,0.4354659,-0.1526877,0.04893447,0.8858111,0.03461699,0.1656417,0.04451177,0.03785892,0.1555358,0.03656327,-0.8932909,0.0419236,-0.1565279,-0.4192527,0.03785892,0.1555358,0.03656327,0.04217676,0.1550534,0.02670896,-0.9775299,-0.04406888,-0.203626,-0.03208924,0.07059339,0.1811634,-0.005524711,0.05261602,0.1823231,0.0374971,0.01960908,-0.1960011,-0.1601985,0.9672309,0.05261602,0.1823231,0.0374971,0.04045232,0.1623014,0.04487427,0.5180656,-0.2853561,-0.03423346,0.8056103,0.04045232,0.1623014,0.04487427,0.04360104,0.1543233,0.02949726,-0.9314688,0.2627376,-0.1524692,-0.2002197,0.04360104,0.1543233,0.02949726,0.04894793,0.1568891,0.01967406,-0.9436727,0.1937027,-0.2135757,0.1623163,0.07840187,0.1778601,-0.001203037,0.06815393,0.177737,0.03939953,0.02585403,-0.1205695,-0.1964017,0.9727389,0.06815393,0.177737,0.03939953,0.05507246,0.1582992,0.04557838,0.5447789,-0.2751655,-0.09848754,0.7860026,0.05507246,0.1582992,0.04557838,0.05564842,0.1539305,0.03233145,-0.9279385,0.3367051,-0.07370767,-0.1418699,0.05564842,0.1539305,0.03233145,0.05926704,0.156234,0.02353519,-0.9268385,0.3006339,-0.1432181,0.1734305,0.08478674,0.1709161,-0.001338049,0.08085095,0.1713175,0.03722377,0.009111335,-0.05027692,-0.276876,0.9595462,0.08085095,0.1713175,0.03722377,0.07118146,0.1591145,0.04132681,0.5569269,-0.249836,-0.1947346,0.7677844,0.07118146,0.1591145,0.04132681,0.06888352,0.1541095,0.02963123,-0.9105525,0.3510712,0.01361675,-0.2178479,0.06888352,0.1541095,0.02963123,0.07066046,0.1560903,0.02199179,-0.9240402,0.3439818,-0.06107087,0.1552307
right,0.06013253,0.1753344,0.02329305,0.01628203,-0.03655979,0.1250303,-0.2231425,-0.9702688,0.09373224,-0.3290362,0.1654853,0.9297042,-0.06633491,-0.17535,-0.1022998,0.9769272,1,0.6103265,0.06027335,0.1710992,-0.01403074,0.06027335,0.1710992,-0.01403074,-0.2792897,-0.2853687,0.4077505,0.8211586,0.06027335,0.1710992,-0.01403074,0.03189911,0.1743119,0.005488371,-0.2677884,-0.3822741,0.4227,0.7768401,0.03189911,0.1743119,0.005488371,0.01993542,0.1726835,0.02013814,-0.1322925,-0.310896,0.4819593,0.8084291,0.01993542,0.1726835,0.02013814,0.01936885,0.1679711,0.03108742,0.1516304,-0.1351134,0.559486,0.803572,0.06439108,0.1801706,-0.01012509,0.03949305,0.1824687,0.03222754,-0.003207872,-0.2634871,-0.0769633,0.9615825,0.03949305,0.1824687,0.03222754,0.03461699,0.1656417,0.04451177,0.4354659,-0.1526877,0.04893447,0.8858111,0.03461699,0.1656417,0.04451177,0.03785892,0.1555358,0.03656327,-0.8932909,0.0419236,-0.1565279,-0.4192527,0.03785892,0.1555358,0.03656327,0.04217676,0.1550534,0.02670896,-0.9775299,-0.04406888,-0.203626,-0.03208924,0.07059339,0.1811634,-0.005524711,0.05261602,0.1823231,0.0374971,0.01960908,-0.1960011,-0.1601985,0.9672309,0.05261602,0.1823231,0.0374971,0.04045232,0.1623014,0.04487427,0.5180656,-0.2853561,-0.03423346,0.8056103,0.04045232,0.1623014,0.04487427,0.04360104,0.1543233,0.02949726,-0.9314688,0.2627376,-0.1524692,-0.2002197,0.04360104,0.1543233,0.02949726,0.04894793,0.1568891,0.01967406,-0.9436727,0.1937027,-0.2135757,0.1623163,0.07840187,0.1778601,-0.001203037,0.06815393,0.177737,0.03939953,0.02585403,-0.1205695,-0.1964017,0.9727389,0.06815393,0.177737,0.03939953,0.05507246,0.1582992,0.04557838,0.5447789,-0.2751655,-0.09848754,0.7860026,0.05507246,0.1582992,0.04557838,0.05564842,0.1539305,0.03233145,-0.9279385,0.3367051,-0.07370767,-0.1418699,0.05564842,0.1539305,0.03233145,0.05926704,0.156234,0.02353519,-0.9268385,0.3006339,-0.1432181,0.1734305,0.08478674,0.1709161,-0.001338049,0.08085095,0.1713175,0.03722377,0.009111335,-0.05027692,-0.276876,0.9595462,0.08085095,0.1713175,0.03722377,0.07118146,0.1591145,0.04132681,0.5569269,-0.249836,-0.1947346,0.7677844,0.07118146,0.1591145,0.04132681,0.06888352,0.1541095,0.02963123,-0.9105525,0.3510712,0.01361675,-0.2178479,0.06888352,0.1541095,0.02963123,0.07066046,0.1560903,0.02199179,-0.9240402,0.3439818,-0.06107087,0.1552307
right,0.06029276,0.1748917,0.02468213,0.01856863,-0.05130272,0.1609777,-0.2251275,-0.9702146,0.08944996,-0.3264571,0.1616123,0.9312933,-0.06423137,-0.1738611,-0.1037644,0.9771794,1,0.6108942,0.06032111,0.1708376,-0.01267983,0.06032111,0.1708376,-0.01267983,-0.2770914,-0.2850878,0.4064401,0.8226492,0.06032111,0.1708376,-0.01267983,0.03204713,0.1739327,0.006967966,-0.2643908,-0.3819914,0.4217473,0.7786587,0.03204713,0.1739327,0.006967966,0.02009054,0.1722398,0.02159786,-0.1301859,-0.3121617,0.4804173,0.8092008,0.02009054,0.1722398,0.02159786,0.0194844,0.1674598,0.03250682,0.1533659,-0.13822,0.5584107,0.8034623,0.06448861,0.1798799,-0.008729038,0.03969737,0.182024,0.03369156,-0.001212651,-0.2621506,-0.07870412,0.9618114,0.03969737,0.182024,0.03369156,0.03477187,0.1652176,0.04590984,0.4363753,-0.1532656,0.04668112,0.8853853,0.03477187,0.1652176,0.04590984,0.03799058,0.155127,0.0379282,-0.8939192,0.0427219,-0.1557322,-0.4181277,0.03799058,0.155127,0.0379282,0.04231798,0.1546365,0.0280873,-0.9774252,-0.04319989,-0.2042731,-0.03234759,0.07070582,0.18084,-0.004134845,0.05283385,0.1818268,0.03893279,0.02159605,-0.1944776,-0.161805,0.9672286,0.05283385,0.1818268,0.03893279,0.0406065,0.161852,0.04629445,0.5182355,-0.2854812,-0.0368971,0.8053391,0.0406065,0.161852,0.04629445,0.04370038,0.1538757,0.0309039,-0.9313186,0.2639396,-0.1511143,-0.2003646,0.04370038,0.1538757,0.0309039,0.04900271,0.1564222,0.02108414,-0.9437497,0.1956284,-0.2118789,0.1617817,0.07851435,0.1774982,0.000165203,0.06836277,0.1771968,0.04078901,0.0278973,-0.1189571,-0.1978346,0.9725906,0.06836277,0.1771968,0.04078901,0.05536018,0.1577141,0.04701256,0.5460013,-0.271085,-0.1009281,0.7862627,0.05536018,0.1577141,0.04701256,0.0558901,0.1533638,0.03377183,-0.9295732,0.3325201,-0.07132382,-0.1422566,0.0558901,0.1533638,0.03377183,0.05943787,0.1556981,0.02497131,-0.9283783,0.297361,-0.1399705,0.1734887,0.08487905,0.1705394,-8.623097E-06,0.08103565,0.1707583,0.03856215,0.01110626,-0.0484618,-0.2780993,0.9592648,0.08103565,0.1707583,0.03856215,0.07135152,0.1584996,0.04272063,0.5571739,-0.2468636,-0.1973319,0.7679034,0.07135152,0.1584996,0.04272063,0.06902842,0.153511,0.03104087,-0.9116537,0.3481336,0.01549912,-0.2178309,0.06902842,0.153511,0.03104087,0.07078948,0.1555246,0.02340488,-0.9247954,0.3415195,-0.05982955,0.156647
right,0.06029276,0.1748917,0.02468213,0.01856863,-0.05130272,0.1609777,-0.2251275,-0.9702146,0.08944996,-0.3264571,0.1616123,0.9312933,-0.06423137,-0.1738611,-0.1037644,0.9771794,1,0.6108942,0.06032111,0.1708376,-0.01267983,0.06032111,0.1708376,-0.01267983,-0.2770914,-0.2850878,0.4064401,0.8226492,0.06032111,0.1708376,-0.01267983,0.03204713,0.1739327,0.006967966,-0.2643908,-0.3819914,0.4217473,0.7786587,0.03204713,0.1739327,0.006967966,0.02009054,0.1722398,0.02159786,-0.1301859,-0.3121617,0.4804173,0.8092008,0.02009054,0.1722398,0.02159786,0.0194844,0.1674598,0.03250682,0.1533659,-0.13822,0.5584107,0.8034623,0.06448861,0.1798799,-0.008729038,0.03969737,0.182024,0.03369156,-0.001212651,-0.2621506,-0.07870412,0.9618114,0.03969737,0.182024,0.03369156,0.03477187,0.1652176,0.04590984,0.4363753,-0.1532656,0.04668112,0.8853853,0.03477187,0.1652176,0.04590984,0.03799058,0.155127,0.0379282,-0.8939192,0.0427219,-0.1557322,-0.4181277,0.03799058,0.155127,0.0379282,0.04231798,0.1546365,0.0280873,-0.9774252,-0.04319989,-0.2042731,-0.03234759,0.07070582,0.18084,-0.004134845,0.05283385,0.1818268,0.03893279,0.02159605,-0.1944776,-0.161805,0.9672286,0.05283385,0.1818268,0.03893279,0.0406065,0.161852,0.04629445,0.5182355,-0.2854812,-0.0368971,0.8053391,0.0406065,0.161852,0.04629445,0.04370038,0.1538757,0.0309039,-0.9313186,0.2639396,-0.1511143,-0.2003646,0.04370038,0.1538757,0.0309039,0.04900271,0.1564222,0.02108414,-0.9437497,0.1956284,-0.2118789,0.1617817,0.07851435,0.1774982,0.000165203,0.06836277,0.1771968,0.04078901,0.0278973,-0.1189571,-0.1978346,0.9725906,0.06836277,0.1771968,0.04078901,0.05536018,0.1577141,0.04701256,0.5460013,-0.271085,-0.1009281,0.7862627,0.05536018,0.1577141,0.04701256,0.0558901,0.1533638,0.03377183,-0.9295732,0.3325201,-0.07132382,-0.1422566,0.0558901,0.1533638,0.03377183,0.05943787,0.1556981,0.02497131,-0.9283783,0.297361,-0.1399705,0.1734887,0.08487905,0.1705394,-8.623097E-06,0.08103565,0.1707583,0.03856215,0.01110626,-0.0484618,-0.2780993,0.9592648,0.08103565,0.1707583,0.03856215,0.07135152,0.1584996,0.04272063,0.5571739,-0.2468636,-0.1973319,0.7679034,0.07135152,0.1584996,0.04272063,0.06902842,0.153511,0.03104087,-0.9116537,0.3481336,0.01549912,-0.2178309,0.06902842,0.153511,0.03104087,0.07078948,0.1555246,0.02340488,-0.9247954,0.3415195,-0.05982955,0.156647
right,0.06043643,0.1745772,0.02636551,0.01659012,-0.03632016,0.1943859,-0.2260134,-0.9702899,0.08634543,-0.324407,0.1585511,0.9325351,-0.06263895,-0.1726524,-0.1045535,0.9774129,1,0.6098747,0.06037634,0.1706503,-0.01103856,0.06037634,0.1706503,-0.01103856,-0.2753296,-0.2848532,0.4057446,0.8236647,0.06037634,0.1706503,-0.01103856,0.03219306,0.1736508,0.008749459,-0.2615335,-0.3812767,0.4213345,0.7801958,0.03219306,0.1736508,0.008749459,0.02023789,0.1718963,0.02333907,-0.1285789,-0.3136683,0.4794446,0.809452,0.02023789,0.1718963,0.02333907,0.01958202,0.1670658,0.0342053,0.1542595,-0.1414548,0.557913,0.8030739,0.06458431,0.1796803,-0.007043782,0.03987852,0.181696,0.03543804,0.0003282932,-0.2610376,-0.07971019,0.962032,0.03987852,0.181696,0.03543804,0.0349202,0.1649051,0.04755674,0.4378082,-0.1541153,0.04544821,0.8845942,0.0349202,0.1649051,0.04755674,0.03814591,0.1548511,0.03950123,-0.8952044,0.0434288,-0.1558052,-0.4152683,0.03814591,0.1548511,0.03950123,0.04251235,0.1543841,0.02969629,-0.9769723,-0.04299929,-0.2066252,-0.03134048,0.07080916,0.1806224,-0.002451978,0.05302328,0.1814708,0.04065875,0.02310035,-0.1932194,-0.1627127,0.9672937,0.05302328,0.1814708,0.04065875,0.04075143,0.161544,0.04803832,0.5178406,-0.2854353,-0.03887602,0.8055163,0.04075143,0.161544,0.04803832,0.04381694,0.1535672,0.03263754,-0.9312896,0.2643916,-0.1503591,-0.200472,0.04381694,0.1535672,0.03263754,0.04908228,0.1560973,0.02281994,-0.9439396,0.1966351,-0.2105598,0.1611749,0.07861488,0.1772556,0.001826806,0.06854372,0.1768162,0.04247323,0.02941654,-0.117631,-0.198613,0.9725484,0.06854372,0.1768162,0.04247323,0.05559308,0.157297,0.04874233,0.5466517,-0.2681561,-0.1026303,0.7865947,0.05559308,0.157297,0.04874233,0.05611018,0.1529517,0.03550413,-0.9309344,0.3287802,-0.07027183,-0.1425711,0.05611018,0.1529517,0.03550413,0.0596016,0.1553089,0.02669472,-0.9297836,0.2942445,-0.1374296,0.1733079,0.0849648,0.1702849,0.001622767,0.08119883,0.1703665,0.0402052,0.01255897,-0.04699292,-0.278724,0.9591386,0.08119883,0.1703665,0.0402052,0.07148714,0.1580765,0.04441302,0.5568401,-0.2453823,-0.1991538,0.76815,0.07148714,0.1580765,0.04441302,0.06913754,0.1530852,0.03275043,-0.9119662,0.3468451,0.0167531,-0.2184845,0.06913754,0.1530852,0.03275043,0.07088735,0.1551079,0.02512135,-0.9251305,0.3405574,-0.05918296,0.1570085
right,0.06048537,0.1743293,0.02831279,0.005641368,-0.02857709,0.22447,-0.2274475,-0.9703207,0.08213054,-0.3231078,0.1547622,0.933622,-0.06058208,-0.1718104,-0.1056857,0.9775692,1,0.6108463,0.06037492,0.1705644,-0.009134908,0.06037492,0.1705644,-0.009134908,-0.2734269,-0.2851056,0.4045934,0.8247768,0.06037492,0.1705644,-0.009134908,0.03226088,0.1734337,0.01077053,-0.2582479,-0.3812876,0.4205883,0.7816862,0.03226088,0.1734337,0.01077053,0.02033473,0.1715525,0.02533758,-0.1250492,-0.3152789,0.4788436,0.8097349,0.02033473,0.1715525,0.02533758,0.01965733,0.1666221,0.03616314,0.1572561,-0.1448351,0.5578333,0.8019447,0.0646202,0.1795756,-0.005082546,0.03995923,0.1814349,0.03744668,0.002293904,-0.2603109,-0.08106948,0.9621126,0.03995923,0.1814349,0.03744668,0.03500601,0.1645848,0.04939257,0.4415205,-0.1544516,0.0447101,0.8827261,0.03500601,0.1645848,0.04939257,0.03827246,0.1546248,0.04118254,-0.8980244,0.04316552,-0.1562533,-0.4089912,0.03827246,0.1546248,0.04118254,0.04267736,0.1542401,0.03140319,-0.9765816,-0.04339384,-0.2089063,-0.02763118,0.07084391,0.1804979,-0.0004918503,0.05310344,0.1811757,0.04265323,0.02508464,-0.1923167,-0.1639325,0.9672183,0.05310344,0.1811757,0.04265323,0.04081237,0.1612496,0.05001997,0.5185252,-0.284705,-0.04076206,0.805241,0.04081237,0.1612496,0.05001997,0.04386247,0.1533259,0.03458763,-0.9318425,0.264093,-0.1493308,-0.1990596,0.04386247,0.1533259,0.03458763,0.04910545,0.1558764,0.02476795,-0.9440196,0.1968609,-0.2093888,0.1619543,0.0786401,0.1770963,0.003762751,0.06861145,0.1764853,0.04442827,0.03145223,-0.1166479,-0.1996662,0.9723875,0.06861145,0.1764853,0.04442827,0.05568428,0.1568814,0.05070314,0.5481092,-0.2655135,-0.1042842,0.7862592,0.05568428,0.1568814,0.05070314,0.05619186,0.1525794,0.03745634,-0.9322618,0.3257659,-0.06896151,-0.1414524,0.05619186,0.1525794,0.03745634,0.05965407,0.1549846,0.02864865,-0.9305612,0.2916449,-0.1357031,0.174882,0.08497635,0.1701067,0.003520743,0.08125296,0.1700164,0.04211704,0.0145743,-0.0458197,-0.2795942,0.9589136,0.08125296,0.1700164,0.04211704,0.07147822,0.1576903,0.04637159,0.5563868,-0.2447428,-0.201113,0.7681721,0.07147822,0.1576903,0.04637159,0.06907542,0.1527155,0.0347234,-0.9115024,0.3477436,0.01875323,-0.2188291,0.06907542,0.1527155,0.0347234,0.07081547,0.1547461,0.02711265,-0.9245476,0.3419636,-0.05832141,0.1577065
right,0.06048537,0.1743293,0.02831279,0.005641368,-0.02857709,0.22447,-0.2274475,-0.9703207,0.08213054,-0.3231078,0.1547622,0.933622,-0.06058208,-0.1718104,-0.1056857,0.9775692,1,0.6108463,0.06037492,0.1705644,-0.009134908,0.06037492,0.1705644,-0.009134908,-0.2734269,-0.2851056,0.4045934,0.8247768,0.06037492,0.1705644,-0.009134908,0.03226088,0.1734337,0.01077053,-0.2582479,-0.3812876,0.4205883,0.7816862,0.03226088,0.1734337,0.01077053,0.02033473,0.1715525,0.02533758,-0.1250492,-0.3152789,0.4788436,0.8097349,0.02033473,0.1715525,0.02533758,0.01965733,0.1666221,0.03616314,0.1572561,-0.1448351,0.5578333,0.8019447,0.0646202,0.1795756,-0.005082546,0.03995923,0.1814349,0.03744668,0.002293904,-0.2603109,-0.08106948,0.9621126,0.03995923,0.1814349,0.03744668,0.03500601,0.1645848,0.04939257,0.4415205,-0.1544516,0.0447101,0.8827261,0.03500601,0.1645848,0.04939257,0.03827246,0.1546248,0.04118254,-0.8980244,0.04316552,-0.1562533,-0.4089912,0.03827246,0.1546248,0.04118254,0.04267736,0.1542401,0.03140319,-0.9765816,-0.04339384,-0.2089063,-0.02763118,0.07084391,0.1804979,-0.0004918503,0.05310344,0.1811757,0.04265323,0.02508464,-0.1923167,-0.1639325,0.9672183,0.05310344,0.1811757,0.04265323,0.04081237,0.1612496,0.05001997,0.5185252,-0.284705,-0.04076206,0.805241,0.04081237,0.1612496,0.05001997,0.04386247,0.1533259,0.03458763,-0.9318425,0.264093,-0.1493308,-0.1990596,0.04386247,0.1533259,0.03458763,0.04910545,0.1558764,0.02476795,-0.9440196,0.1968609,-0.2093888,0.1619543,0.0786401,0.1770963,0.003762751,0.06861145,0.1764853,0.04442827,0.03145223,-0.1166479,-0.1996662,0.9723875,0.06861145,0.1764853,0.04442827,0.05568428,0.1568814,0.05070314,0.5481092,-0.2655135,-0.1042842,0.7862592,0.05568428,0.1568814,0.05070314,0.05619186,0.1525794,0.03745634,-0.9322618,0.3257659,-0.06896151,-0.1414524,0.05619186,0.1525794,0.03745634,0.05965407,0.1549846,0.02864865,-0.9305612,0.2916449,-0.1357031,0.174882,0.08497635,0.1701067,0.003520743,0.08125296,0.1700164,0.04211704,0.0145743,-0.0458197,-0.2795942,0.9589136,0.08125296,0.1700164,0.04211704,0.07147822,0.1576903,0.04637159,0.5563868,-0.2447428,-0.201113,0.7681721,0.07147822,0.1576903,0.04637159,0.06907542,0.1527155,0.0347234,-0.9115024,0.3477436,0.01875323,-0.2188291,0.06907542,0.1527155,0.0347234,0.07081547,0.1547461,0.02711265,-0.9245476,0.3419636,-0.05832141,0.1577065
right,0.06051088,0.1740658,0.0304945,0.002922385,-0.0301849,0.2499391,-0.2294364,-0.9704481,0.07476158,-0.3210966,0.1479773,0.9354142,-0.05694657,-0.1704406,-0.1073918,0.9778416,1,0.6086643,0.06032112,0.1705894,-0.007009778,0.06032112,0.1705894,-0.007009778,-0.2700678,-0.2856838,0.4027874,0.8265654,0.06032112,0.1705894,-0.007009778,0.03227116,0.1732533,0.01303208,-0.2534595,-0.382026,0.4191101,0.7836844,0.03227116,0.1732533,0.01303208,0.02036159,0.1712388,0.02759569,-0.120932,-0.3170449,0.4771343,0.8106793,0.02036159,0.1712388,0.02759569,0.01967333,0.1661902,0.03837625,0.1612969,-0.1480961,0.5567758,0.8012812,0.0646159,0.1795668,-0.002870931,0.04002858,0.1811394,0.03972768,0.005791881,-0.2591218,-0.08317009,0.9622396,0.04002858,0.1811394,0.03972768,0.03510371,0.1641462,0.05143885,0.4475321,-0.154059,0.04354243,0.8798209,0.03510371,0.1641462,0.05143885,0.03841565,0.1543563,0.04302684,-0.9021456,0.04202987,-0.1563797,-0.3998903,0.03841565,0.1543563,0.04302684,0.0428489,0.1541115,0.03323275,-0.9764501,-0.04399805,-0.2101497,-0.02112878,0.07084154,0.1804469,0.001714826,0.05317504,0.1808177,0.04490747,0.02860306,-0.1908165,-0.1657859,0.9671018,0.05317504,0.1808177,0.04490747,0.04087098,0.1608086,0.05220893,0.5210933,-0.2829243,-0.04339065,0.8040727,0.04087098,0.1608086,0.05220893,0.04389925,0.1530277,0.0366556,-0.9332477,0.2637901,-0.1469201,-0.1946227,0.04389925,0.1530277,0.0366556,0.04912473,0.1556568,0.02683285,-0.943722,0.197442,-0.2075866,0.1652676,0.07862847,0.1769927,0.005934941,0.06866857,0.1760773,0.04662318,0.03504225,-0.1150075,-0.2012274,0.9721383,0.06866857,0.1760773,0.04662318,0.05588685,0.1562113,0.05282822,0.553301,-0.2585167,-0.1062867,0.7846848,0.05588685,0.1562113,0.05282822,0.05640451,0.1520277,0.03950863,-0.9360986,0.316883,-0.06633469,-0.1374925,0.05640451,0.1520277,0.03950863,0.05980514,0.1545888,0.03070092,-0.9326002,0.2835999,-0.1315248,0.1803587,0.08494332,0.1699865,0.005622855,0.08128777,0.1695948,0.04423418,0.0181164,-0.04385316,-0.2808408,0.9585808,0.08128777,0.1695948,0.04423418,0.07146145,0.1571455,0.04848244,0.5586825,-0.2418778,-0.2036499,0.7667436,0.07146145,0.1571455,0.04848244,0.06903628,0.152252,0.03682349,-0.9128676,0.3456255,0.02129898,-0.2162454,0.06903628,0.152252,0.03682349,0.07078652,0.1543719,0.02924348,-0.9242926,0.3401846,-0.05731452,0.163318
right,0.06051088,0.1740658,0.0304945,0.002922385,-0.0301849,0.2499391,-0.2294364,-0.9704481,0.07476158,-0.3210966,0.1479773,0.9354142,-0.05694657,-0.1704406,-0.1073918,0.9778416,1,0.6086643,0.06032112,0.1705894,-0.007009778,0.06032112,0.1705894,-0.007009778,-0.2700678,-0.2856838,0.4027874,0.8265654,0.06032112,0.1705894,-0.007009778,0.03227116,0.1732533,0.01303208,-0.2534595,-0.382026,0.4191101,0.7836844,0.03227116,0.1732533,0.01303208,0.02036159,0.1712388,0.02759569,-0.120932,-0.3170449,0.4771343,0.8106793,0.02036159,0.1712388,0.02759569,0.01967333,0.1661902,0.03837625,0.1612969,-0.1480961,0.5567758,0.8012812,0.0646159,0.1795668,-0.002870931,0.04002858,0.1811394,0.03972768,0.005791881,-0.2591218,-0.08317009,0.9622396,0.04002858,0.1811394,0.03972768,0.03510371,0.1641462,0.05143885,0.4475321,-0.154059,0.04354243,0.8798209,0.03510371,0.1641462,0.05143885,0.03841565,0.1543563,0.04302684,-0.9021456,0.04202987,-0.1563797,-0.3998903,0.03841565,0.1543563,0.04302684,0.0428489,0.1541115,0.03323275,-0.9764501,-0.04399805,-0.2101497,-0.02112878,0.07084154,0.1804469,0.001714826,0.05317504,0.1808177,0.04490747,0.02860306,-0.1908165,-0.1657859,0.9671018,0.05317504,0.1808177,0.04490747,0.04087098,0.1608086,0.05220893,0.5210933,-0.2829243,-0.04339065,0.8040727,0.04087098,0.1608086,0.05220893,0.04389925,0.1530277,0.0366556,-0.9332477,0.2637901,-0.1469201,-0.1946227,0.04389925,0.1530277,0.0366556,0.04912473,0.1556568,0.02683285,-0.943722,0.197442,-0.2075866,0.1652676,0.07862847,0.1769927,0.005934941,0.06866857,0.1760773,0.04662318,0.03504225,-0.1150075,-0.2012274,0.9721383,0.06866857,0.1760773,0.04662318,0.05588685,0.1562113,0.05282822,0.553301,-0.2585167,-0.1062867,0.7846848,0.05588685,0.1562113,0.05282822,0.05640451,0.1520277,0.03950863,-0.9360986,0.316883,-0.06633469,-0.1374925,0.05640451,0.1520277,0.03950863,0.05980514,0.1545888,0.03070092,-0.9326002,0.2835999,-0.1315248,0.1803587,0.08494332,0.1699865,0.005622855,0.08128777,0.1695948,0.04423418,0.0181164,-0.04385316,-0.2808408,0.9585808,0.08128777,0.1695948,0.04423418,0.07146145,0.1571455,0.04848244,0.5586825,-0.2418778,-0.2036499,0.7667436,0.07146145,0.1571455,0.04848244,0.06903628,0.152252,0.03682349,-0.9128676,0.3456255,0.02129898,-0.2162454,0.06903628,0.152252,0.03682349,0.07078652,0.1543719,0.02924348,-0.9242926,0.3401846,-0.05731452,0.163318
right,0.0604224,0.173974,0.03286938,-0.01023621,-0.01062158,0.2747426,-0.2275976,-0.9713308,0.06867211,-0.3195103,0.1411123,0.9370168,-0.05361007,-0.1691673,-0.1070541,0.9782882,1,0.6025681,0.06015038,0.1707345,-0.004688617,0.06015038,0.1707345,-0.004688617,-0.2666375,-0.2864625,0.4028108,0.8273978,0.06015038,0.1707345,-0.004688617,0.032202,0.1732066,0.01547226,-0.2494812,-0.3820905,0.418937,0.7850209,0.032202,0.1732066,0.01547226,0.02030651,0.1710367,0.02998656,-0.1172042,-0.3195424,0.4769588,0.8103494,0.02030651,0.1710367,0.02998656,0.01956915,0.1659281,0.04066664,0.1630446,-0.1524218,0.5571288,0.7998697,0.06446963,0.1797028,-0.0004727348,0.03996063,0.1809456,0.04218871,0.009176771,-0.2578899,-0.08320634,0.962541,0.03996063,0.1809456,0.04218871,0.03512262,0.1637775,0.0536451,0.4542129,-0.1532325,0.044467,0.8764891,0.03512262,0.1637775,0.0536451,0.03854237,0.1541524,0.04507653,-0.9054635,0.03842402,-0.1582698,-0.3919313,0.03854237,0.1541524,0.04507653,0.0430071,0.1540781,0.0352989,-0.9759689,-0.04795475,-0.2121085,-0.01396379,0.0707,0.1805684,0.00411432,0.0531159,0.1806174,0.0473482,0.0318633,-0.1892822,-0.1656097,0.9673316,0.0531159,0.1806174,0.0473482,0.0408523,0.1604721,0.05451084,0.5248796,-0.2814316,-0.04388702,0.8021045,0.0408523,0.1604721,0.05451084,0.04392614,0.1528361,0.03878844,-0.9348652,0.262659,-0.1457843,-0.1891673,0.04392614,0.1528361,0.03878844,0.04912909,0.1556011,0.02898196,-0.9433203,0.1968156,-0.2053878,0.1709569,0.07849,0.1771014,0.008302655,0.06861069,0.1758945,0.04900813,0.03821831,-0.1133437,-0.2007977,0.9723029,0.06861069,0.1758945,0.04900813,0.05601031,0.155814,0.0551096,0.5581459,-0.2526791,-0.106594,0.7831118,0.05601031,0.155814,0.0551096,0.05657014,0.1517133,0.04170485,-0.9395556,0.3081925,-0.06523985,-0.1341505,0.05657014,0.1517133,0.04170485,0.05992595,0.1543946,0.03289368,-0.9346634,0.2753957,-0.1288381,0.184289,0.08479641,0.1701027,0.007926472,0.0812172,0.1694445,0.04654602,0.0211065,-0.04194991,-0.2801662,0.9588022,0.0812172,0.1694445,0.04654602,0.07135118,0.1569131,0.05074337,0.5609055,-0.2411063,-0.204354,0.7651746,0.07135118,0.1569131,0.05074337,0.06891983,0.1520354,0.03903852,-0.9136059,0.3443789,0.0219985,-0.2150429,0.06891983,0.1520354,0.03903852,0.07067124,0.1541846,0.03147893,-0.9243938,0.3390008,-0.05703414,0.1652929
right,0.06028081,0.1739729,0.03543942,-0.01638376,-0.0001290414,0.2973904,-0.226858,-0.9718949,0.06289478,-0.3158157,0.1344986,0.9392394,-0.05041563,-0.166849,-0.1072884,0.9788304,1,0.5975701,0.05984408,0.1709792,-0.002179336,0.05984408,0.1709792,-0.002179336,-0.2629097,-0.286253,0.4025589,0.8287847,0.05984408,0.1709792,-0.002179336,0.03205066,0.1732078,0.01808582,-0.2446794,-0.3823226,0.4187904,0.786496,0.03205066,0.1732078,0.01808582,0.02016427,0.1708579,0.03253309,-0.1129956,-0.3226888,0.4766906,0.809858,0.02016427,0.1708579,0.03253309,0.01936159,0.1656818,0.04308689,0.1649235,-0.1578846,0.5575358,0.7981395,0.064207,0.1799289,0.002116339,0.03986321,0.1808658,0.044893,0.01238604,-0.2556692,-0.08387605,0.9630393,0.03986321,0.1808658,0.044893,0.03514833,0.1635312,0.05612946,0.4605928,-0.1506863,0.04425395,0.8736072,0.03514833,0.1635312,0.05612946,0.03864415,0.1540387,0.04741169,-0.9084444,0.033774,-0.1584091,-0.38535,0.03864415,0.1540387,0.04741169,0.04309226,0.1541325,0.03763261,-0.9758956,-0.05234142,-0.211756,-0.00688727,0.07045469,0.1807726,0.006688245,0.05304017,0.1805151,0.05000147,0.03490685,-0.1867632,-0.166087,0.9676343,0.05304017,0.1805151,0.05000147,0.04086545,0.160263,0.05702226,0.529101,-0.278653,-0.04528221,0.8002213,0.04086545,0.160263,0.05702226,0.0439797,0.1527762,0.04114876,-0.9369702,0.2595282,-0.1442509,-0.1841839,0.0439797,0.1527762,0.04114876,0.04915435,0.1556494,0.03135527,-0.9434738,0.1943645,-0.2035961,0.1750092,0.07825302,0.1772827,0.01083038,0.06853546,0.1757903,0.05157517,0.04118977,-0.1106927,-0.2010248,0.97244,0.06853546,0.1757903,0.05157517,0.05618571,0.1554884,0.05754803,0.5640571,-0.2448587,-0.1076588,0.7812127,0.05618571,0.1554884,0.05754803,0.05676802,0.1515001,0.04404757,-0.9436714,0.2976374,-0.0629428,-0.1301326,0.05676802,0.1515001,0.04404757,0.06006679,0.1543172,0.03522946,-0.9370608,0.2656473,-0.1256497,0.1885758,0.08454169,0.1702874,0.01036732,0.08111697,0.1693614,0.04900428,0.02385501,-0.03905757,-0.2801159,0.9588746,0.08111697,0.1693614,0.04900428,0.07122319,0.1567568,0.05316004,0.5631904,-0.2393633,-0.2060789,0.7635792,0.07122319,0.1567568,0.05316004,0.06877414,0.1519137,0.04141906,-0.9146224,0.3425278,0.0235483,-0.2135089,0.06877414,0.1519137,0.04141906,0.07051483,0.1540959,0.03388005,-0.9246511,0.3375072,-0.05604086,0.1672383
right,0.06028081,0.1739729,0.03543942,-0.01638376,-0.0001290414,0.2973904,-0.226858,-0.9718949,0.06289478,-0.3158157,0.1344986,0.9392394,-0.05041563,-0.166849,-0.1072884,0.9788304,1,0.5975701,0.05984408,0.1709792,-0.002179336,0.05984408,0.1709792,-0.002179336,-0.2629097,-0.286253,0.4025589,0.8287847,0.05984408,0.1709792,-0.002179336,0.03205066,0.1732078,0.01808582,-0.2446794,-0.3823226,0.4187904,0.786496,0.03205066,0.1732078,0.01808582,0.02016427,0.1708579,0.03253309,-0.1129956,-0.3226888,0.4766906,0.809858,0.02016427,0.1708579,0.03253309,0.01936159,0.1656818,0.04308689,0.1649235,-0.1578846,0.5575358,0.7981395,0.064207,0.1799289,0.002116339,0.03986321,0.1808658,0.044893,0.01238604,-0.2556692,-0.08387605,0.9630393,0.03986321,0.1808658,0.044893,0.03514833,0.1635312,0.05612946,0.4605928,-0.1506863,0.04425395,0.8736072,0.03514833,0.1635312,0.05612946,0.03864415,0.1540387,0.04741169,-0.9084444,0.033774,-0.1584091,-0.38535,0.03864415,0.1540387,0.04741169,0.04309226,0.1541325,0.03763261,-0.9758956,-0.05234142,-0.211756,-0.00688727,0.07045469,0.1807726,0.006688245,0.05304017,0.1805151,0.05000147,0.03490685,-0.1867632,-0.166087,0.9676343,0.05304017,0.1805151,0.05000147,0.04086545,0.160263,0.05702226,0.529101,-0.278653,-0.04528221,0.8002213,0.04086545,0.160263,0.05702226,0.0439797,0.1527762,0.04114876,-0.9369702,0.2595282,-0.1442509,-0.1841839,0.0439797,0.1527762,0.04114876,0.04915435,0.1556494,0.03135527,-0.9434738,0.1943645,-0.2035961,0.1750092,0.07825302,0.1772827,0.01083038,0.06853546,0.1757903,0.05157517,0.04118977,-0.1106927,-0.2010248,0.97244,0.06853546,0.1757903,0.05157517,0.05618571,0.1554884,0.05754803,0.5640571,-0.2448587,-0.1076588,0.7812127,0.05618571,0.1554884,0.05754803,0.05676802,0.1515001,0.04404757,-0.9436714,0.2976374,-0.0629428,-0.1301326,0.05676802,0.1515001,0.04404757,0.06006679,0.1543172,0.03522946,-0.9370608,0.2656473,-0.1256497,0.1885758,0.08454169,0.1702874,0.01036732,0.08111697,0.1693614,0.04900428,0.02385501,-0.03905757,-0.2801159,0.9588746,0.08111697,0.1693614,0.04900428,0.07122319,0.1567568,0.05316004,0.5631904,-0.2393633,-0.2060789,0.7635792,0.07122319,0.1567568,0.05316004,0.06877414,0.1519137,0.04141906,-0.9146224,0.3425278,0.0235483,-0.2135089,0.06877414,0.1519137,0.04141906,0.07051483,0.1540959,0.03388005,-0.9246511,0.3375072,-0.05604086,0.1672383
right,0.06028081,0.1739729,0.03543942,-0.01638376,-0.0001290414,0.2973904,-0.226858,-0.9718949,0.06289478,-0.3158157,0.1344986,0.9392394,-0.05041563,-0.166849,-0.1072884,0.9788304,1,0.5975701,0.05984408,0.1709792,-0.002179336,0.05984408,0.1709792,-0.002179336,-0.2629097,-0.286253,0.4025589,0.8287847,0.05984408,0.1709792,-0.002179336,0.03205066,0.1732078,0.01808582,-0.2446794,-0.3823226,0.4187904,0.786496,0.03205066,0.1732078,0.01808582,0.02016427,0.1708579,0.03253309,-0.1129956,-0.3226888,0.4766906,0.809858,0.02016427,0.1708579,0.03253309,0.01936159,0.1656818,0.04308689,0.1649235,-0.1578846,0.5575358,0.7981395,0.064207,0.1799289,0.002116339,0.03986321,0.1808658,0.044893,0.01238604,-0.2556692,-0.08387605,0.9630393,0.03986321,0.1808658,0.044893,0.03514833,0.1635312,0.05612946,0.4605928,-0.1506863,0.04425395,0.8736072,0.03514833,0.1635312,0.05612946,0.03864415,0.1540387,0.04741169,-0.9084444,0.033774,-0.1584091,-0.38535,0.03864415,0.1540387,0.04741169,0.04309226,0.1541325,0.03763261,-0.9758956,-0.05234142,-0.211756,-0.00688727,0.07045469,0.1807726,0.006688245,0.05304017,0.1805151,0.05000147,0.03490685,-0.1867632,-0.166087,0.9676343,0.05304017,0.1805151,0.05000147,0.04086545,0.160263,0.05702226,0.529101,-0.278653,-0.04528221,0.8002213,0.04086545,0.160263,0.05702226,0.0439797,0.1527762,0.04114876,-0.9369702,0.2595282,-0.1442509,-0.1841839,0.0439797,0.1527762,0.04114876,0.04915435,0.1556494,0.03135527,-0.9434738,0.1943645,-0.2035961,0.1750092,0.07825302,0.1772827,0.01083038,0.06853546,0.1757903,0.05157517,0.04118977,-0.1106927,-0.2010248,0.97244,0.06853546,0.1757903,0.05157517,0.05618571,0.1554884,0.05754803,0.5640571,-0.2448587,-0.1076588,0.7812127,0.05618571,0.1554884,0.05754803,0.05676802,0.1515001,0.04404757,-0.9436714,0.2976374,-0.0629428,-0.1301326,0.05676802,0.1515001,0.04404757,0.06006679,0.1543172,0.03522946,-0.9370608,0.2656473,-0.1256497,0.1885758,0.08454169,0.1702874,0.01036732,0.08111697,0.1693614,0.04900428,0.02385501,-0.03905757,-0.2801159,0.9588746,0.08111697,0.1693614,0.04900428,0.07122319,0.1567568,0.05316004,0.5631904,-0.2393633,-0.2060789,0.7635792,0.07122319,0.1567568,0.05316004,0.06877414,0.1519137,0.04141906,-0.9146224,0.3425278,0.0235483,-0.2135089,0.06877414,0.1519137,0.04141906,0.07051483,0.1540959,0.03388005,-0.9246511,0.3375072,-0.05604086,0.1672383
right,0.06017979,0.1741686,0.03830062,-0.0115943,0.02246284,0.3283822,-0.2268348,-0.9722474,0.05727895,-0.3104239,0.1279191,0.941952,-0.04727062,-0.1636748,-0.107897,0.9794561,1,0.5970986,0.05951992,0.171427,0.0006187744,0.05951992,0.171427,0.0006187744,-0.2588654,-0.2852804,0.4021496,0.8305898,0.05951992,0.171427,0.0006187744,0.0319031,0.173358,0.02095178,-0.2392693,-0.3831095,0.4186716,0.7878397,0.0319031,0.173358,0.02095178,0.02004334,0.1708066,0.03527926,-0.1083476,-0.3266048,0.4764535,0.8090625,0.02004334,0.1708066,0.03527926,0.01921986,0.165536,0.04569649,0.1687943,-0.162693,0.5585024,0.7956849,0.06393327,0.1803613,0.004990623,0.03982922,0.1810019,0.04791803,0.01552632,-0.2526325,-0.08497633,0.9636985,0.03982922,0.1810019,0.04791803,0.0351509,0.1635837,0.05893057,0.4657593,-0.150006,0.04287469,0.8710501,0.0351509,0.1635837,0.05893057,0.0387118,0.1541845,0.05007689,-0.9107856,0.03110027,-0.1589138,-0.3798011,0.0387118,0.1541845,0.05007689,0.04317642,0.1543981,0.04028728,-0.9756078,-0.05498993,-0.2125145,-0.001809423,0.07020357,0.1811698,0.009540412,0.05303253,0.1806098,0.05295654,0.03784077,-0.1834258,-0.1670064,0.9680041,0.05303253,0.1806098,0.05295654,0.04087041,0.1603095,0.05977743,0.5332204,-0.2778464,-0.04743602,0.7976385,0.04087041,0.1603095,0.05977743,0.04402763,0.1529434,0.04376852,-0.9382846,0.2583152,-0.1434648,-0.1797584,0.04402763,0.1529434,0.04376852,0.04921545,0.1559079,0.03399245,-0.9430068,0.1932938,-0.2034103,0.1788853,0.07802168,0.177649,0.01362794,0.06853377,0.1758699,0.05442275,0.04405382,-0.1072194,-0.2016923,0.9725654,0.06853377,0.1758699,0.05442275,0.05643084,0.1553322,0.06012234,0.5721545,-0.2374252,-0.1089042,0.7774371,0.05643084,0.1553322,0.06012234,0.05712597,0.1514895,0.04651229,-0.9485742,0.2842804,-0.06308307,-0.1241456,0.05712597,0.1514895,0.04651229,0.06045619,0.1544791,0.03769958,-0.9393352,0.2519134,-0.1270332,0.1950683,0.08429124,0.1706538,0.01306777,0.08108537,0.1694542,0.0517227,0.02645791,-0.03533978,-0.2804767,0.9588451,0.08108537,0.1694542,0.0517227,0.07124799,0.1567559,0.05585368,0.5662619,-0.2341221,-0.2085616,0.7622574,0.07124799,0.1567559,0.05585368,0.06878852,0.1519623,0.04406315,-0.9173503,0.3365093,0.02598024,-0.2110805,0.06878852,0.1519623,0.04406315,0.07049835,0.1542278,0.03651628,-0.9260544,0.3322959,-0.05320929,0.1707966
right,0.06001839,0.1746257,0.04137505,-0.01872389,0.05302687,0.3566626,-0.2307394,-0.9716234,0.05203199,-0.3045211,0.122899,0.9445437,-0.04463279,-0.1604247,-0.1104365,0.9798345,1,0.6009337,0.05913716,0.1721319,0.003633067,0.05913716,0.1721319,0.003633067,-0.2555411,-0.2837106,0.4001183,0.8331341,0.05913716,0.1721319,0.003633067,0.03162511,0.1737557,0.02398158,-0.2338069,-0.3851561,0.417491,0.7891073,0.03162511,0.1737557,0.02398158,0.01979921,0.1710219,0.03816529,-0.1037631,-0.3306729,0.4752096,0.8087425,0.01979921,0.1710219,0.03816529,0.01894655,0.1656283,0.04848395,0.17298,-0.1677603,0.5585997,0.7936629,0.06363504,0.1810169,0.008075728,0.03976908,0.181472,0.05115856,0.01798255,-0.2496394,-0.08795994,0.964168,0.03976908,0.181472,0.05115856,0.03498315,0.1640136,0.0619523,0.4698872,-0.1521238,0.03958148,0.8686182,0.03498315,0.1640136,0.0619523,0.03854454,0.1546518,0.0529731,-0.9124886,0.0334366,-0.1588311,-0.3755253,0.03854454,0.1546518,0.0529731,0.04302865,0.1549559,0.04317083,-0.9755725,-0.05254127,-0.2132811,0.002963372,0.06992365,0.1817912,0.01260155,0.05299055,0.1810122,0.05612569,0.04022828,-0.1801935,-0.1698287,0.9680239,0.05299055,0.1810122,0.05612569,0.0407203,0.1607504,0.06280361,0.5354205,-0.2786652,-0.0514975,0.7956246,0.0407203,0.1607504,0.06280361,0.04387192,0.1534226,0.04672274,-0.9384699,0.2592202,-0.1427269,-0.1780681,0.04387192,0.1534226,0.04672274,0.04908586,0.1564568,0.03693338,-0.9423364,0.1940888,-0.2031359,0.1818448,0.07774053,0.1782033,0.01662941,0.06847294,0.1761891,0.0574794,0.04652333,-0.1038716,-0.204285,0.9722725,0.06847294,0.1761891,0.0574794,0.05649339,0.1555643,0.06301038,0.5772108,-0.2321176,-0.11224,0.7748234,0.05649339,0.1555643,0.06301038,0.05723456,0.1518101,0.04933857,-0.9516522,0.2754142,-0.06240965,-0.120872,0.05723456,0.1518101,0.04933857,0.06060593,0.1549123,0.0404867,-0.940765,0.2429193,-0.1284903,0.1985992,0.08396701,0.1711708,0.01597869,0.08097396,0.1697237,0.05465622,0.02881349,-0.03172837,-0.2827466,0.9582366,0.08097396,0.1697237,0.05465622,0.07116865,0.1570195,0.05876104,0.5684127,-0.2302268,-0.2125715,0.7607338,0.07116865,0.1570195,0.05876104,0.06868915,0.1522973,0.04693297,-0.9193062,0.3326847,0.02856186,-0.2082817,0.06868915,0.1522973,0.04693297,0.07038624,0.1546277,0.03936398,-0.9267849,0.3291288,-0.05143134,0.1734901
right,0.06001839,0.1746257,0.04137505,-0.01872389,0.05302687,0.3566626,-0.2307394,-0.9716234,0.05203199,-0.3045211,0.122899,0.9445437,-0.04463279,-0.1604247,-0.1104365,0.9798345,1,0.6009337,0.05913716,0.1721319,0.003633067,0.05913716,0.1721319,0.003633067,-0.2555411,-0.2837106,0.4001183,0.8331341,0.05913716,0.1721319,0.003633067,0.03162511,0.1737557,0.02398158,-0.2338069,-0.3851561,0.417491,0.7891073,0.03162511,0.1737557,0.02398158,0.01979921,0.1710219,0.03816529,-0.1037631,-0.3306729,0.4752096,0.8087425,0.01979921,0.1710219,0.03816529,0.01894655,0.1656283,0.04848395,0.17298,-0.1677603,0.5585997,0.7936629,0.06363504,0.1810169,0.008075728,0.03976908,0.181472,0.05115856,0.01798255,-0.2496394,-0.08795994,0.964168,0.03976908,0.181472,0.05115856,0.03498315,0.1640136,0.0619523,0.4698872,-0.1521238,0.03958148,0.8686182,0.03498315,0.1640136,0.0619523,0.03854454,0.1546518,0.0529731,-0.9124886,0.0334366,-0.1588311,-0.3755253,0.03854454,0.1546518,0.0529731,0.04302865,0.1549559,0.04317083,-0.9755725,-0.05254127,-0.2132811,0.002963372,0.06992365,0.1817912,0.01260155,0.05299055,0.1810122,0.05612569,0.04022828,-0.1801935,-0.1698287,0.9680239,0.05299055,0.1810122,0.05612569,0.0407203,0.1607504,0.06280361,0.5354205,-0.2786652,-0.0514975,0.7956246,0.0407203,0.1607504,0.06280361,0.04387192,0.1534226,0.04672274,-0.9384699,0.2592202,-0.1427269,-0.1780681,0.04387192,0.1534226,0.04672274,0.04908586,0.1564568,0.03693338,-0.9423364,0.1940888,-0.2031359,0.1818448,0.07774053,0.1782033,0.01662941,0.06847294,0.1761891,0.0574794,0.04652333,-0.1038716,-0.204285,0.9722725,0.06847294,0.1761891,0.0574794,0.05649339,0.1555643,0.06301038,0.5772108,-0.2321176,-0.11224,0.7748234,0.05649339,0.1555643,0.06301038,0.05723456,0.1518101,0.04933857,-0.9516522,0.2754142,-0.06240965,-0.120872,0.05723456,0.1518101,0.04933857,0.06060593,0.1549123,0.0404867,-0.940765,0.2429193,-0.1284903,0.1985992,0.08396701,0.1711708,0.01597869,0.08097396,0.1697237,0.05465622,0.02881349,-0.03172837,-0.2827466,0.9582366,0.08097396,0.1697237,0.05465622,0.07116865,0.1570195,0.05876104,0.5684127,-0.2302268,-0.2125715,0.7607338,0.07116865,0.1570195,0.05876104,0.06868915,0.1522973,0.04693297,-0.9193062,0.3326847,0.02856186,-0.2082817,0.06868915,0.1522973,0.04693297,0.07038624,0.1546277,0.03936398,-0.9267849,0.3291288,-0.05143134,0.1734901
right,0.05961856,0.1751966,0.04444614,-0.04605291,0.06575679,0.3537307,-0.2318472,-0.971635,0.04660834,-0.3005494,0.1171207,0.9465479,-0.04175815,-0.158058,-0.1115292,0.980222,1,0.6001912,0.05859986,0.1729473,0.006661206,0.05859986,0.1729473,0.006661206,-0.2521989,-0.2831666,0.3991421,0.8348042,0.05859986,0.1729473,0.006661206,0.03111073,0.1743447,0.02701374,-0.2299934,-0.3870784,0.4165432,0.7897881,0.03111073,0.1743447,0.02701374,0.01932186,0.1715262,0.041165,-0.1008786,-0.3317859,0.4740338,0.8093414,0.01932186,0.1715262,0.041165,0.01850446,0.1660801,0.05149119,0.1755479,-0.1673427,0.5577466,0.7937871,0.06313205,0.1818075,0.01117354,0.03943224,0.1820125,0.05436914,0.02079078,-0.2474192,-0.08946022,0.9645457,0.03943224,0.1820125,0.05436914,0.03458395,0.1644785,0.06499752,0.4735288,-0.1534396,0.03779392,0.8664863,0.03458395,0.1644785,0.06499752,0.03815592,0.155181,0.05593356,-0.9139648,0.03457421,-0.159164,-0.3716716,0.03815592,0.155181,0.05593356,0.04267294,0.1555745,0.04608863,-0.9754523,-0.05140208,-0.214002,0.007330371,0.06942078,0.1825331,0.01567854,0.05265624,0.1814914,0.05927952,0.04293068,-0.1777132,-0.1711486,0.9681338,0.05265624,0.1814914,0.05927952,0.04033033,0.1612374,0.06581833,0.5377373,-0.2791207,-0.05398686,0.7937353,0.04033033,0.1612374,0.06581833,0.04349413,0.1539928,0.04969679,-0.9389037,0.2595999,-0.1423598,-0.1755036,0.04349413,0.1539928,0.04969679,0.04876218,0.1570974,0.03989774,-0.9415362,0.1941543,-0.2040938,0.1848226,0.0772451,0.1789124,0.01964853,0.06813618,0.1766425,0.06053552,0.04922147,-0.101275,-0.2053706,0.972185,0.06813618,0.1766425,0.06053552,0.05635092,0.1559316,0.06583909,0.5830451,-0.2267901,-0.1137854,0.7718015,0.05635092,0.1559316,0.06583909,0.0571835,0.1522614,0.05213244,-0.9550191,0.2647529,-0.06328028,-0.1176437,0.0571835,0.1522614,0.05213244,0.06061072,0.1554672,0.04324942,-0.9425441,0.2317509,-0.1314015,0.2015833,0.08346058,0.1718839,0.01891874,0.08062032,0.1701871,0.05761098,0.03135627,-0.02889199,-0.2835506,0.9580089,0.08062032,0.1701871,0.05761098,0.0709496,0.1573952,0.06176067,0.5703763,-0.2222841,-0.2152744,0.7608663,0.0709496,0.1573952,0.06176067,0.06842835,0.1526762,0.04994438,-0.9223382,0.3236917,0.0321915,-0.2085177,0.06842835,0.1526762,0.04994438,0.07007463,0.1550702,0.04232838,-0.9294504,0.3213762,-0.04824933,0.1746748
right,0.05961856,0.1751966,0.04444614,-0.04605291,0.06575679,0.3537307,-0.2318472,-0.971635,0.04660834,-0.3005494,0.1171207,0.9465479,-0.04175815,-0.158058,-0.1115292,0.980222,1,0.6001912,0.05859986,0.1729473,0.006661206,0.05859986,0.1729473,0.006661206,-0.2521989,-0.2831666,0.3991421,0.8348042,0.05859986,0.1729473,0.006661206,0.03111073,0.1743447,0.02701374,-0.2299934,-0.3870784,0.4165432,0.7897881,0.03111073,0.1743447,0.02701374,0.01932186,0.1715262,0.041165,-0.1008786,-0.3317859,0.4740338,0.8093414,0.01932186,0.1715262,0.041165,0.01850446,0.1660801,0.05149119,0.1755479,-0.1673427,0.5577466,0.7937871,0.06313205,0.1818075,0.01117354,0.03943224,0.1820125,0.05436914,0.02079078,-0.2474192,-0.08946022,0.9645457,0.03943224,0.1820125,0.05436914,0.03458395,0.1644785,0.06499752,0.4735288,-0.1534396,0.03779392,0.8664863,0.03458395,0.1644785,0.06499752,0.03815592,0.155181,0.05593356,-0.9139648,0.03457421,-0.159164,-0.3716716,0.03815592,0.155181,0.05593356,0.04267294,0.1555745,0.04608863,-0.9754523,-0.05140208,-0.214002,0.007330371,0.06942078,0.1825331,0.01567854,0.05265624,0.1814914,0.05927952,0.04293068,-0.1777132,-0.1711486,0.9681338,0.05265624,0.1814914,0.05927952,0.04033033,0.1612374,0.06581833,0.5377373,-0.2791207,-0.05398686,0.7937353,0.04033033,0.1612374,0.06581833,0.04349413,0.1539928,0.04969679,-0.9389037,0.2595999,-0.1423598,-0.1755036,0.04349413,0.1539928,0.04969679,0.04876218,0.1570974,0.03989774,-0.9415362,0.1941543,-0.2040938,0.1848226,0.0772451,0.1789124,0.01964853,0.06813618,0.1766425,0.06053552,0.04922147,-0.101275,-0.2053706,0.972185,0.06813618,0.1766425,0.06053552,0.05635092,0.1559316,0.06583909,0.5830451,-0.2267901,-0.1137854,0.7718015,0.05635092,0.1559316,0.06583909,0.0571835,0.1522614,0.05213244,-0.9550191,0.2647529,-0.06328028,-0.1176437,0.0571835,0.1522614,0.05213244,0.06061072,0.1554672,0.04324942,-0.9425441,0.2317509,-0.1314015,0.2015833,0.08346058,0.1718839,0.01891874,0.08062032,0.1701871,0.05761098,0.03135627,-0.02889199,-0.2835506,0.9580089,0.08062032,0.1701871,0.05761098,0.0709496,0.1573952,0.06176067,0.5703763,-0.2222841,-0.2152744,0.7608663,0.0709496,0.1573952,0.06176067,0.06842835,0.1526762,0.04994438,-0.9223382,0.3236917,0.0321915,-0.2085177,0.06842835,0.1526762,0.04994438,0.07007463,0.1550702,0.04232838,-0.9294504,0.3213762,-0.04824933,0.1746748
right,0.05932171,0.1762566,0.04755155,-0.03387964,0.1209793,0.3544185,-0.23619,-0.9707791,0.04245149,-0.2963524,0.113571,0.9483021,-0.03978666,-0.1557754,-0.1141378,0.9803691,1,0.5955888,0.05815068,0.1742076,0.009719064,0.05815068,0.1742076,0.009719064,-0.2499088,-0.2820054,0.396948,0.8369294,0.05815068,0.1742076,0.009719064,0.03064269,0.1754186,0.03011411,-0.226334,-0.3888038,0.4149259,0.7908483,0.03064269,0.1754186,0.03011411,0.01884219,0.1725383,0.04427251,-0.09859609,-0.332864,0.4719673,0.8103871,0.01884219,0.1725383,0.04427251,0.0180194,0.1670091,0.05462214,0.1778869,-0.1686016,0.5560953,0.7941585,0.06276557,0.1830114,0.01428672,0.0392256,0.1831008,0.05758889,0.02255586,-0.2453691,-0.09238626,0.9647539,0.0392256,0.1831008,0.05758889,0.03428039,0.165517,0.06807959,0.4764384,-0.1548833,0.03474227,0.8647604,0.03428039,0.165517,0.06807959,0.03785223,0.1562371,0.05894558,-0.9148591,0.03573558,-0.1590095,-0.3694209,0.03785223,0.1562371,0.05894558,0.04238665,0.1567,0.04905951,-0.9754707,-0.05020637,-0.214056,0.01077924,0.06905801,0.1837121,0.01878142,0.05245127,0.1825202,0.06245573,0.04470914,-0.1754953,-0.1739435,0.9679598,0.05245127,0.1825202,0.06245573,0.04003535,0.1623106,0.06894367,0.5386271,-0.2792123,-0.05771482,0.7928368,0.04003535,0.1623106,0.06894367,0.0431889,0.1550628,0.05283176,-0.939083,0.258874,-0.1420425,-0.1758729,0.0431889,0.1550628,0.05283176,0.04847777,0.1581785,0.04301901,-0.9415671,0.1932485,-0.2046873,0.1849582,0.07687204,0.1800293,0.02270424,0.06790718,0.1775875,0.06362764,0.05112198,-0.09897526,-0.2079876,0.9717672,0.06790718,0.1775875,0.06362764,0.05616346,0.1569129,0.06890788,0.5844184,-0.2237411,-0.1172916,0.7711276,0.05616346,0.1569129,0.06890788,0.05698429,0.1532164,0.05520383,-0.9562772,0.2597602,-0.06250139,-0.1189628,0.05698429,0.1532164,0.05520383,0.06042473,0.1564275,0.04626605,-0.9439034,0.2268552,-0.1323076,0.2001943,0.08305061,0.1729604,0.02191843,0.08035062,0.1710742,0.06062506,0.0332372,-0.02637503,-0.2859109,0.9573163,0.08035062,0.1710742,0.06062506,0.0706978,0.1582581,0.06481422,0.5709904,-0.2183039,-0.2189782,0.760501,0.0706978,0.1582581,0.06481422,0.06813224,0.1535425,0.05301508,-0.9236246,0.3194173,0.03486706,-0.2089843,0.06813224,0.1535425,0.05301508,0.06975675,0.1559674,0.0453563,-0.9306827,0.3178854,-0.0467404,0.1749115
right,0.05900263,0.1777046,0.05076683,-0.03706273,0.1681931,0.3734778,-0.2422123,-0.9694568,0.03855814,-0.291463,0.110611,0.9501655,-0.03803636,-0.1532008,-0.1175791,0.9804376,1,0.5969715,0.05764145,0.1758486,0.01287814,0.05764145,0.1758486,0.01287814,-0.2478018,-0.2803758,0.3940998,0.8394457,0.05764145,0.1758486,0.01287814,0.03011104,0.1768796,0.03333123,-0.2224674,-0.3904649,0.4128778,0.7921978,0.03011104,0.1768796,0.03333123,0.01836954,0.1739009,0.0475132,-0.09445629,-0.3329972,0.4701061,0.8119059,0.01836954,0.1739009,0.0475132,0.01763017,0.1682437,0.05791107,0.183442,-0.1673354,0.5545743,0.7942262,0.06236957,0.1846019,0.01750199,0.03901775,0.1846203,0.06091269,0.02402719,-0.2430825,-0.09614319,0.9649301,0.03901775,0.1846203,0.06091269,0.03392339,0.1669636,0.07121877,0.4802196,-0.1575329,0.03113313,0.8623244,0.03392339,0.1669636,0.07121877,0.03747855,0.157717,0.06196006,-0.9164409,0.03931027,-0.1587142,-0.3652404,0.03747855,0.157717,0.06196006,0.04204735,0.1583189,0.0520455,-0.9752991,-0.04698224,-0.2150937,0.0178611,0.06867184,0.1852523,0.02199373,0.05224729,0.183943,0.06573949,0.04623243,-0.1730654,-0.1775804,0.9676653,0.05224729,0.183943,0.06573949,0.03972578,0.1637766,0.07217835,0.539629,-0.2791139,-0.06214025,0.7918551,0.03972578,0.1637766,0.07217835,0.04285828,0.156541,0.05606456,-0.939364,0.2582888,-0.1412921,-0.1758375,0.04285828,0.156541,0.05606456,0.04816934,0.1596855,0.04624096,-0.941442,0.1925041,-0.2051189,0.1858911,0.07647513,0.1814968,0.02587689,0.0676731,0.1789028,0.06683139,0.05282461,-0.09647152,-0.2114554,0.9711794,0.0676731,0.1789028,0.06683139,0.05589716,0.1582372,0.07199969,0.5869756,-0.2220185,-0.1212199,0.7690729,0.05589716,0.1582372,0.07199969,0.05671318,0.1545869,0.05825316,-0.9572108,0.2573057,-0.06145677,-0.1173211,0.05671318,0.1545869,0.05825316,0.06019074,0.1578558,0.04926142,-0.9440504,0.2245222,-0.1329595,0.2016939,0.08260386,0.1743767,0.02503594,0.08006109,0.1723097,0.06374863,0.03496391,-0.02364809,-0.2891074,0.9563656,0.08006109,0.1723097,0.06374863,0.07041654,0.1594813,0.06791501,0.5729049,-0.2148162,-0.2230884,0.758858,0.07041654,0.1594813,0.06791501,0.06781842,0.1548393,0.05609155,-0.9251139,0.3164467,0.0377035,-0.2064079,0.06781842,0.1548393,0.05609155,0.06942935,0.1573387,0.04840047,-0.9309471,0.3157459,-0.04458319,0.1779169
right,0.05900263,0.1777046,0.05076683,-0.03706273,0.1681931,0.3734778,-0.2422123,-0.9694568,0.03855814,-0.291463,0.110611,0.9501655,-0.03803636,-0.1532008,-0.1175791,0.9804376,1,0.5969715,0.05764145,0.1758486,0.01287814,0.05764145,0.1758486,0.01287814,-0.2478018,-0.2803758,0.3940998,0.8394457,0.05764145,0.1758486,0.01287814,0.03011104,0.1768796,0.03333123,-0.2224674,-0.3904649,0.4128778,0.7921978,0.03011104,0.1768796,0.03333123,0.01836954,0.1739009,0.0475132,-0.09445629,-0.3329972,0.4701061,0.8119059,0.01836954,0.1739009,0.0475132,0.01763017,0.1682437,0.05791107,0.183442,-0.1673354,0.5545743,0.7942262,0.06236957,0.1846019,0.01750199,0.03901775,0.1846203,0.06091269,0.02402719,-0.2430825,-0.09614319,0.9649301,0.03901775,0.1846203,0.06091269,0.03392339,0.1669636,0.07121877,0.4802196,-0.1575329,0.03113313,0.8623244,0.03392339,0.1669636,0.07121877,0.03747855,0.157717,0.06196006,-0.9164409,0.03931027,-0.1587142,-0.3652404,0.03747855,0.157717,0.06196006,0.04204735,0.1583189,0.0520455,-0.9752991,-0.04698224,-0.2150937,0.0178611,0.06867184,0.1852523,0.02199373,0.05224729,0.183943,0.06573949,0.04623243,-0.1730654,-0.1775804,0.9676653,0.05224729,0.183943,0.06573949,0.03972578,0.1637766,0.07217835,0.539629,-0.2791139,-0.06214025,0.7918551,0.03972578,0.1637766,0.07217835,0.04285828,0.156541,0.05606456,-0.939364,0.2582888,-0.1412921,-0.1758375,0.04285828,0.156541,0.05606456,0.04816934,0.1596855,0.04624096,-0.941442,0.1925041,-0.2051189,0.1858911,0.07647513,0.1814968,0.02587689,0.0676731,0.1789028,0.06683139,0.05282461,-0.09647152,-0.2114554,0.9711794,0.0676731,0.1789028,0.06683139,0.05589716,0.1582372,0.07199969,0.5869756,-0.2220185,-0.1212199,0.7690729,0.05589716,0.1582372,0.07199969,0.05671318,0.1545869,0.05825316,-0.9572108,0.2573057,-0.06145677,-0.1173211,0.05671318,0.1545869,0.05825316,0.06019074,0.1578558,0.04926142,-0.9440504,0.2245222,-0.1329595,0.2016939,0.08260386,0.1743767,0.02503594,0.08006109,0.1723097,0.06374863,0.03496391,-0.02364809,-0.2891074,0.9563656,0.08006109,0.1723097,0.06374863,0.07041654,0.1594813,0.06791501,0.5729049,-0.2148162,-0.2230884,0.758858,0.07041654,0.1594813,0.06791501,0.06781842,0.1548393,0.05609155,-0.9251139,0.3164467,0.0377035,-0.2064079,0.06781842,0.1548393,0.05609155,0.06942935,0.1573387,0.04840047,-0.9309471,0.3157459,-0.04458319,0.1779169
right,0.05868886,0.1795984,0.05390034,-0.03623662,0.2187078,0.3618801,-0.2512884,-0.9672829,0.03489964,-0.2867941,0.1088463,0.9517887,-0.03666072,-0.1508697,-0.1225339,0.9802448,1,0.596808,0.05716347,0.1779189,0.01595552,0.05716347,0.1779189,0.01595552,-0.2463877,-0.2785282,0.3899055,0.8424304,0.05716347,0.1779189,0.01595552,0.02960184,0.1788183,0.03647719,-0.2187735,-0.391963,0.4098282,0.794068,0.02960184,0.1788183,0.03647719,0.01782508,0.1757748,0.05070031,-0.09169368,-0.3340662,0.4667476,0.8137191,0.01782508,0.1757748,0.05070031,0.01706261,0.1700552,0.06117265,0.1843108,-0.1676516,0.5512844,0.7962462,0.06202892,0.1866405,0.02062674,0.03883545,0.1866739,0.06414037,0.02497817,-0.2411258,-0.1013563,0.9648634,0.03883545,0.1866739,0.06414037,0.03343564,0.1689674,0.07429045,0.4826391,-0.1633069,0.02603956,0.8600653,0.03343564,0.1689674,0.07429045,0.03690672,0.1597613,0.06495912,-0.9174921,0.04779315,-0.158343,-0.3617341,0.03690672,0.1597613,0.06495912,0.04155303,0.1604441,0.05503526,-0.9748931,-0.039152,-0.2179795,0.02314118,0.06833284,0.1871811,0.02511784,0.05205715,0.185819,0.06893379,0.04736753,-0.1710168,-0.1826812,0.9670249,0.05205715,0.185819,0.06893379,0.0394302,0.165742,0.07533311,0.5404003,-0.2787809,-0.06751591,0.7910059,0.0394302,0.165742,0.07533311,0.04252939,0.1585199,0.05922231,-0.939707,0.2575536,-0.1402155,-0.1759444,0.04252939,0.1585199,0.05922231,0.04786868,0.1616511,0.04938647,-0.9414849,0.1917964,-0.206286,0.1851121,0.07610509,0.1833481,0.02896747,0.06743115,0.1806419,0.06995599,0.05426786,-0.09436844,-0.2164031,0.9702161,0.06743115,0.1806419,0.06995599,0.05555536,0.1600334,0.07502294,0.5888761,-0.2214682,-0.1261819,0.7669777,0.05555536,0.1600334,0.07502294,0.05634665,0.1564119,0.06123627,-0.9575369,0.2568523,-0.06014677,-0.1163288,0.05634665,0.1564119,0.06123627,0.05985929,0.1597118,0.05219749,-0.9438808,0.2242494,-0.1335687,0.2023873,0.08218018,0.1761472,0.02808716,0.07976375,0.1739192,0.06681167,0.03657082,-0.02130502,-0.2937764,0.9549367,0.07976375,0.1739192,0.06681167,0.07001271,0.1611412,0.07088535,0.5750026,-0.2157226,-0.2278803,0.7555835,0.07001271,0.1611412,0.07088535,0.06731319,0.1565843,0.05900485,-0.9241056,0.3204712,0.04155713,-0.2039607,0.06731319,0.1565843,0.05900485,0.06892264,0.159129,0.05128272,-0.9289135,0.320875,-0.04237891,0.1798973
right,0.05868886,0.1795984,0.05390034,-0.03623662,0.2187078,0.3618801,-0.2512884,-0.9672829,0.03489964,-0.2867941,0.1088463,0.9517887,-0.03666072,-0.1508697,-0.1225339,0.9802448,1,0.596808,0.05716347,0.1779189,0.01595552,0.05716347,0.1779189,0.01595552,-0.2463877,-0.2785282,0.3899055,0.8424304,0.05716347,0.1779189,0.01595552,0.02960184,0.1788183,0.03647719,-0.2187735,-0.391963,0.4098282,0.794068,0.02960184,0.1788183,0.03647719,0.01782508,0.1757748,0.05070031,-0.09169368,-0.3340662,0.4667476,0.8137191,0.01782508,0.1757748,0.05070031,0.01706261,0.1700552,0.06117265,0.1843108,-0.1676516,0.5512844,0.7962462,0.06202892,0.1866405,0.02062674,0.03883545,0.1866739,0.06414037,0.02497817,-0.2411258,-0.1013563,0.9648634,0.03883545,0.1866739,0.06414037,0.03343564,0.1689674,0.07429045,0.4826391,-0.1633069,0.02603956,0.8600653,0.03343564,0.1689674,0.07429045,0.03690672,0.1597613,0.06495912,-0.9174921,0.04779315,-0.158343,-0.3617341,0.03690672,0.1597613,0.06495912,0.04155303,0.1604441,0.05503526,-0.9748931,-0.039152,-0.2179795,0.02314118,0.06833284,0.1871811,0.02511784,0.05205715,0.185819,0.06893379,0.04736753,-0.1710168,-0.1826812,0.9670249,0.05205715,0.185819,0.06893379,0.0394302,0.165742,0.07533311,0.5404003,-0.2787809,-0.06751591,0.7910059,0.0394302,0.165742,0.07533311,0.04252939,0.1585199,0.05922231,-0.939707,0.2575536,-0.1402155,-0.1759444,0.04252939,0.1585199,0.05922231,0.04786868,0.1616511,0.04938647,-0.9414849,0.1917964,-0.206286,0.1851121,0.07610509,0.1833481,0.02896747,0.06743115,0.1806419,0.06995599,0.05426786,-0.09436844,-0.2164031,0.9702161,0.06743115,0.1806419,0.06995599,0.05555536,0.1600334,0.07502294,0.5888761,-0.2214682,-0.1261819,0.7669777,0.05555536,0.1600334,0.07502294,0.05634665,0.1564119,0.06123627,-0.9575369,0.2568523,-0.06014677,-0.1163288,0.05634665,0.1564119,0.06123627,0.05985929,0.1597118,0.05219749,-0.9438808,0.2242494,-0.1335687,0.2023873,0.08218018,0.1761472,0.02808716,0.07976375,0.1739192,0.06681167,0.03657082,-0.02130502,-0.2937764,0.9549367,0.07976375,0.1739192,0.06681167,0.07001271,0.1611412,0.07088535,0.5750026,-0.2157226,-0.2278803,0.7555835,0.07001271,0.1611412,0.07088535,0.06731319,0.1565843,0.05900485,-0.9241056,0.3204712,0.04155713,-0.2039607,0.06731319,0.1565843,0.05900485,0.06892264,0.159129,0.05128272,-0.9289135,0.320875,-0.04237891,0.1798973
right,0.05823975,0.1817498,0.05689077,-0.05182368,0.2482604,0.3450754,-0.2590253,-0.9653735,0.03098151,-0.2823214,0.1063488,0.9534068,-0.03502929,-0.1485582,-0.1268313,0.9801108,1,0.5974708,0.05654978,0.1802675,0.01887983,0.05654978,0.1802675,0.01887983,-0.2446533,-0.2769165,0.3862354,0.8451534,0.05654978,0.1802675,0.01887983,0.02900178,0.1810471,0.03947775,-0.2151386,-0.3929115,0.4070334,0.7960275,0.02900178,0.1810471,0.03947775,0.01721214,0.17793,0.05372813,-0.08863761,-0.3350424,0.4637288,0.8153806,0.01721214,0.17793,0.05372813,0.01638518,0.1721482,0.06423644,0.1846319,-0.169941,0.5481123,0.7978747,0.06154968,0.1889315,0.02360675,0.03851394,0.1889329,0.06722081,0.02624279,-0.2391463,-0.1059358,0.9648305,0.03851394,0.1889329,0.06722081,0.03282161,0.1711606,0.07722413,0.4850484,-0.1688409,0.02145318,0.8577649,0.03282161,0.1711606,0.07722413,0.03621037,0.161992,0.06781235,-0.9184939,0.05631527,-0.1579068,-0.3581381,0.03621037,0.161992,0.06781235,0.04088876,0.1627555,0.05786277,-0.9749175,-0.03039871,-0.2186034,0.02871042,0.06785564,0.1894048,0.02810443,0.05172923,0.1879526,0.07198759,0.04876893,-0.1689199,-0.1871337,0.9664723,0.05172923,0.1879526,0.07198759,0.03895698,0.1679283,0.07831754,0.5414493,-0.2794099,-0.0723587,0.7896373,0.03895698,0.1679283,0.07831754,0.04199851,0.160784,0.06218015,-0.9397248,0.2597569,-0.1384604,-0.1739895,0.04199851,0.160784,0.06218015,0.04738895,0.163969,0.05233393,-0.9403735,0.1939576,-0.2068962,0.1878083,0.07560022,0.1854809,0.03192534,0.06705598,0.1826367,0.07294463,0.05592533,-0.09220938,-0.2206875,0.9693641,0.06705598,0.1826367,0.07294463,0.05492866,0.1620787,0.07776773,0.5918002,-0.2252542,-0.1303872,0.7629104,0.05492866,0.1620787,0.07776773,0.05569441,0.1585456,0.06387414,-0.9563146,0.2633438,-0.05885754,-0.1124644,0.05569441,0.1585456,0.06387414,0.05930368,0.1619097,0.05482498,-0.9411904,0.2305382,-0.1354339,0.2065683,0.08161691,0.1782332,0.03100303,0.07932717,0.175828,0.06973633,0.03834102,-0.01890836,-0.2977796,0.9536769,0.07932717,0.175828,0.06973633,0.06948803,0.1630764,0.07368898,0.5780134,-0.2161749,-0.2320046,0.7518928,0.06948803,0.1630764,0.07368898,0.06674683,0.158646,0.0617146,-0.9241844,0.3230616,0.04402613,-0.1989375,0.06674683,0.158646,0.0617146,0.06836537,0.1612527,0.05398773,-0.9271986,0.3240468,-0.04089874,0.1833675
right,0.05777919,0.18457,0.05970261,-0.05268992,0.3226381,0.3216837,-0.2681168,-0.9629711,0.02828601,-0.2782654,0.1055193,0.9546906,-0.03414117,-0.1465916,-0.131715,0.9797941,1,0.6029694,0.05595626,0.1832325,0.02163874,0.05595626,0.1832325,0.02163874,-0.2438019,-0.2751061,0.3820865,0.8478721,0.05595626,0.1832325,0.02163874,0.02835692,0.183952,0.04227299,-0.2126797,-0.3942573,0.4038178,0.7976589,0.02835692,0.183952,0.04227299,0.0165677,0.1807639,0.05656023,-0.08549453,-0.3355927,0.4608827,0.8171018,0.0165677,0.1807639,0.05656023,0.01573944,0.1749136,0.06711236,0.1865554,-0.1701016,0.5452788,0.7993332,0.06108555,0.1918589,0.02640454,0.03817899,0.191919,0.07011211,0.02670384,-0.237533,-0.111011,0.9646458,0.03817899,0.191919,0.07011211,0.03212546,0.1740142,0.07997875,0.4876211,-0.1756166,0.01681148,0.8550449,0.03212546,0.1740142,0.07997875,0.03539661,0.164846,0.07048016,-0.9190183,0.06781952,-0.1570624,-0.3551581,0.03539661,0.164846,0.07048016,0.0400717,0.1656534,0.06048082,-0.9754083,-0.01765119,-0.2171335,0.03346934,0.06739322,0.1922232,0.0309019,0.05138581,0.1907623,0.07485119,0.04943755,-0.1672633,-0.1921227,0.9657472,0.05138581,0.1907623,0.07485119,0.03840884,0.1707544,0.08110241,0.5425104,-0.2808934,-0.07716608,0.7879255,0.03840884,0.1707544,0.08110241,0.04138044,0.1636594,0.0649166,-0.9392732,0.2633679,-0.1366232,-0.1724452,0.04138044,0.1636594,0.0649166,0.04685387,0.1668915,0.05503408,-0.9389126,0.1973975,-0.2080666,0.1902252,0.07510208,0.1882299,0.03469685,0.06665755,0.1853147,0.07575154,0.056911,-0.09052186,-0.2255605,0.9683436,0.06665755,0.1853147,0.07575154,0.05411327,0.1648608,0.08030082,0.5937238,-0.2331352,-0.1348252,0.7582626,0.05411327,0.1648608,0.08030082,0.05484749,0.1614245,0.06635636,-0.9533918,0.2754763,-0.05813374,-0.1085233,0.05484749,0.1614245,0.06635636,0.05857864,0.164891,0.0573218,-0.9364864,0.2419787,-0.1368323,0.213814,0.08105052,0.1809214,0.03374279,0.07885999,0.1783943,0.07249197,0.03952426,-0.01702176,-0.3024143,0.9522046,0.07885999,0.1783943,0.07249197,0.06883096,0.1657325,0.07637507,0.5784578,-0.2202611,-0.2366515,0.748911,0.06883096,0.1657325,0.07637507,0.06599669,0.1614059,0.06435685,-0.9216495,0.3314142,0.04694047,-0.1962741,0.06599669,0.1614059,0.06435685,0.06762797,0.1640444,0.05661583,-0.9236143,0.3332528,-0.03901388,0.185357
right,0.05777919,0.18457,0.05970261,-0.05268992,0.3226381,0.3216837,-0.2681168,-0.9629711,0.02828601,-0.2782654,0.1055193,0.9546906,-0.03414117,-0.1465916,-0.131715,0.9797941,1,0.6029694,0.05595626,0.1832325,0.02163874,0.05595626,0.1832325,0.02163874,-0.2438019,-0.2751061,0.3820865,0.8478721,0.05595626,0.1832325,0.02163874,0.02835692,0.183952,0.04227299,-0.2126797,-0.3942573,0.4038178,0.7976589,0.02835692,0.183952,0.04227299,0.0165677,0.1807639,0.05656023,-0.08549453,-0.3355927,0.4608827,0.8171018,0.0165677,0.1807639,0.05656023,0.01573944,0.1749136,0.06711236,0.1865554,-0.1701016,0.5452788,0.7993332,0.06108555,0.1918589,0.02640454,0.03817899,0.191919,0.07011211,0.02670384,-0.237533,-0.111011,0.9646458,0.03817899,0.191919,0.07011211,0.03212546,0.1740142,0.07997875,0.4876211,-0.1756166,0.01681148,0.8550449,0.03212546,0.1740142,0.07997875,0.03539661,0.164846,0.07048016,-0.9190183,0.06781952,-0.1570624,-0.3551581,0.03539661,0.164846,0.07048016,0.0400717,0.1656534,0.06048082,-0.9754083,-0.01765119,-0.2171335,0.03346934,0.06739322,0.1922232,0.0309019,0.05138581,0.1907623,0.07485119,0.04943755,-0.1672633,-0.1921227,0.9657472,0.05138581,0.1907623,0.07485119,0.03840884,0.1707544,0.08110241,0.5425104,-0.2808934,-0.07716608,0.7879255,0.03840884,0.1707544,0.08110241,0.04138044,0.1636594,0.0649166,-0.9392732,0.2633679,-0.1366232,-0.1724452,0.04138044,0.1636594,0.0649166,0.04685387,0.1668915,0.05503408,-0.9389126,0.1973975,-0.2080666,0.1902252,0.07510208,0.1882299,0.03469685,0.06665755,0.1853147,0.07575154,0.056911,-0.09052186,-0.2255605,0.9683436,0.06665755,0.1853147,0.07575154,0.05411327,0.1648608,0.08030082,0.5937238,-0.2331352,-0.1348252,0.7582626,0.05411327,0.1648608,0.08030082,0.05484749,0.1614245,0.06635636,-0.9533918,0.2754763,-0.05813374,-0.1085233,0.05484749,0.1614245,0.06635636,0.05857864,0.164891,0.0573218,-0.9364864,0.2419787,-0.1368323,0.213814,0.08105052,0.1809214,0.03374279,0.07885999,0.1783943,0.07249197,0.03952426,-0.01702176,-0.3024143,0.9522046,0.07885999,0.1783943,0.07249197,0.06883096,0.1657325,0.07637507,0.5784578,-0.2202611,-0.2366515,0.748911,0.06883096,0.1657325,0.07637507,0.06599669,0.1614059,0.06435685,-0.9216495,0.3314142,0.04694047,-0.1962741,0.06599669,0.1614059,0.06435685,0.06762797,0.1640444,0.05661583,-0.9236143,0.3332528,-0.03901388,0.185357
right,0.05716299,0.1876327,0.06225996,-0.07178544,0.356791,0.2979214,-0.2816527,-0.9592028,0.02453172,-0.2744612,0.1050365,0.9558443,-0.03308381,-0.1448561,-0.1389391,0.9790905,1,0.623836,0.05523118,0.1864917,0.02414148,0.05523118,0.1864917,0.02414148,-0.2433288,-0.2732249,0.3757396,0.8514452,0.05523118,0.1864917,0.02414148,0.02766364,0.1872193,0.04482656,-0.2098822,-0.3948782,0.3988052,0.8006092,0.02766364,0.1872193,0.04482656,0.01593404,0.183959,0.05916443,-0.08087671,-0.3351418,0.4565296,0.8201948,0.01593404,0.183959,0.05916443,0.01512881,0.1779761,0.06974176,0.1914624,-0.1705592,0.5409181,0.8010365,0.06053724,0.1950399,0.02894718,0.03772284,0.1952223,0.07274046,0.0271063,-0.2362914,-0.1184113,0.9640593,0.03772284,0.1952223,0.07274046,0.03121576,0.1772977,0.08248874,0.4885225,-0.183731,0.009809196,0.8529317,0.03121576,0.1772977,0.08248874,0.0342519,0.1681295,0.07294145,-0.9189467,0.08396474,-0.1539227,-0.3532628,0.0342519,0.1681295,0.07294145,0.03887631,0.1689352,0.06292178,-0.976102,0.0006259373,-0.2140631,0.03743692,0.06683549,0.1952637,0.03344843,0.05090325,0.1938255,0.07745966,0.0502408,-0.1659967,-0.1993944,0.9644495,0.05090325,0.1938255,0.07745966,0.0377468,0.1738978,0.08363221,0.543762,-0.2814067,-0.08361585,0.7862198,0.0377468,0.1738978,0.08363221,0.04058546,0.1669533,0.06741632,-0.9391338,0.267985,-0.1328191,-0.1690291,0.04058546,0.1669533,0.06741632,0.04606824,0.1702445,0.05751616,-0.937438,0.2030089,-0.206199,0.1935959,0.07449427,0.1911701,0.03722265,0.06610177,0.1881832,0.07831211,0.05822246,-0.08923025,-0.2326823,0.9666991,0.06610177,0.1881832,0.07831211,0.05301423,0.1678843,0.08263093,0.5942698,-0.2425512,-0.1411719,0.7537127,0.05301423,0.1678843,0.08263093,0.05363996,0.1646045,0.06865259,-0.9488793,0.2931675,-0.05485889,-0.1033026,0.05363996,0.1646045,0.06865259,0.05745502,0.1681465,0.05964234,-0.9302584,0.2599131,-0.1353712,0.2207695,0.08032022,0.1837714,0.03624387,0.0781853,0.1810948,0.07501271,0.04122602,-0.01545205,-0.3092296,0.9499677,0.0781853,0.1810948,0.07501271,0.06788749,0.1685877,0.07873216,0.5800195,-0.2273703,-0.242514,0.7436848,0.06788749,0.1685877,0.07873216,0.06498086,0.1644189,0.06664342,-0.9183077,0.3429818,0.04917612,-0.1914581,0.06498086,0.1644189,0.06664342,0.06667506,0.1671035,0.05893027,-0.9183425,0.3449904,-0.03922375,0.1899745
right,0.05716299,0.1876327,0.06225996,-0.07178544,0.356791,0.2979214,-0.2816527,-0.9592028,0.02453172,-0.2744612,0.1050365,0.9558443,-0.03308381,-0.1448561,-0.1389391,0.9790905,1,0.623836,0.05523118,0.1864917,0.02414148,0.05523118,0.1864917,0.02414148,-0.2433288,-0.2732249,0.3757396,0.8514452,0.05523118,0.1864917,0.02414148,0.02766364,0.1872193,0.04482656,-0.2098822,-0.3948782,0.3988052,0.8006092,0.02766364,0.1872193,0.04482656,0.01593404,0.183959,0.05916443,-0.08087671,-0.3351418,0.4565296,0.8201948,0.01593404,0.183959,0.05916443,0.01512881,0.1779761,0.06974176,0.1914624,-0.1705592,0.5409181,0.8010365,0.06053724,0.1950399,0.02894718,0.03772284,0.1952223,0.07274046,0.0271063,-0.2362914,-0.1184113,0.9640593,0.03772284,0.1952223,0.07274046,0.03121576,0.1772977,0.08248874,0.4885225,-0.183731,0.009809196,0.8529317,0.03121576,0.1772977,0.08248874,0.0342519,0.1681295,0.07294145,-0.9189467,0.08396474,-0.1539227,-0.3532628,0.0342519,0.1681295,0.07294145,0.03887631,0.1689352,0.06292178,-0.976102,0.0006259373,-0.2140631,0.03743692,0.06683549,0.1952637,0.03344843,0.05090325,0.1938255,0.07745966,0.0502408,-0.1659967,-0.1993944,0.9644495,0.05090325,0.1938255,0.07745966,0.0377468,0.1738978,0.08363221,0.543762,-0.2814067,-0.08361585,0.7862198,0.0377468,0.1738978,0.08363221,0.04058546,0.1669533,0.06741632,-0.9391338,0.267985,-0.1328191,-0.1690291,0.04058546,0.1669533,0.06741632,0.04606824,0.1702445,0.05751616,-0.937438,0.2030089,-0.206199,0.1935959,0.07449427,0.1911701,0.03722265,0.06610177,0.1881832,0.07831211,0.05822246,-0.08923025,-0.2326823,0.9666991,0.06610177,0.1881832,0.07831211,0.05301423,0.1678843,0.08263093,0.5942698,-0.2425512,-0.1411719,0.7537127,0.05301423,0.1678843,0.08263093,0.05363996,0.1646045,0.06865259,-0.9488793,0.2931675,-0.05485889,-0.1033026,0.05363996,0.1646045,0.06865259,0.05745502,0.1681465,0.05964234,-0.9302584,0.2599131,-0.1353712,0.2207695,0.08032022,0.1837714,0.03624387,0.0781853,0.1810948,0.07501271,0.04122602,-0.01545205,-0.3092296,0.9499677,0.0781853,0.1810948,0.07501271,0.06788749,0.1685877,0.07873216,0.5800195,-0.2273703,-0.242514,0.7436848,0.06788749,0.1685877,0.07873216,0.06498086,0.1644189,0.06664342,-0.9183077,0.3429818,0.04917612,-0.1914581,0.06498086,0.1644189,0.06664342,0.06667506,0.1671035,0.05893027,-0.9183425,0.3449904,-0.03922375,0.1899745
right,0.05678577,0.1914739,0.06424753,-0.04345283,0.4424813,0.228955,-0.2967588,-0.9546961,0.02212443,-0.2709236,0.1063852,0.956704,-0.03284504,-0.1434196,-0.1468779,0.9781507,1,0.6526835,0.05478832,0.1904818,0.02606494,0.05478832,0.1904818,0.02606494,-0.2437959,-0.2710432,0.3687999,0.8550355,0.05478832,0.1904818,0.02606494,0.02720114,0.1911114,0.04681779,-0.205868,-0.3963454,0.3941946,0.8032057,0.02720114,0.1911114,0.04681779,0.01547671,0.1877736,0.06124785,-0.07660206,-0.3349342,0.45204,0.8231713,0.01547671,0.1877736,0.06124785,0.01463176,0.1817132,0.07186046,0.1932317,-0.1717696,0.5359485,0.8036889,0.06027616,0.1989298,0.03090181,0.03752775,0.1993372,0.07478683,0.02661593,-0.2353749,-0.1264324,0.9632783,0.03752775,0.1993372,0.07478683,0.03033981,0.1815331,0.08443942,0.4862608,-0.1974038,0.001637555,0.8512223,0.03033981,0.1815331,0.08443942,0.03300211,0.1722352,0.07490584,-0.9158555,0.1105148,-0.1499453,-0.3556848,0.03300211,0.1722352,0.07490584,0.03753944,0.1728266,0.06488483,-0.9766678,0.03079819,-0.2097828,0.03409942,0.0665616,0.1990256,0.03541425,0.0506765,0.1977011,0.07949884,0.05022783,-0.1651396,-0.2073294,0.9629229,0.0506765,0.1977011,0.07949884,0.0372294,0.1779571,0.08562694,0.5429174,-0.2846011,-0.09072698,0.784864,0.0372294,0.1779571,0.08562694,0.039859,0.1710227,0.06944278,-0.9370733,0.2764809,-0.1289143,-0.1698027,0.039859,0.1710227,0.06944278,0.0453665,0.174222,0.05951848,-0.9357799,0.2123898,-0.2060313,0.1917226,0.07415306,0.1948223,0.03917015,0.06578454,0.1918373,0.08031021,0.05878798,-0.08838498,-0.2405226,0.9648217,0.06578454,0.1918373,0.08031021,0.05211515,0.1718503,0.08458103,0.5908749,-0.2530201,-0.148632,0.7515026,0.05211515,0.1718503,0.08458103,0.05259384,0.1686799,0.07064136,-0.9428968,0.3134036,-0.05116095,-0.10053,0.05259384,0.1686799,0.07064136,0.05648313,0.1721442,0.06162672,-0.9241679,0.2807968,-0.1349546,0.2210298,0.07980271,0.1873406,0.03817942,0.07769805,0.1845743,0.076985,0.04227559,-0.01437214,-0.3168038,0.9474395,0.07769805,0.1845743,0.076985,0.06718551,0.1722418,0.0806445,0.5795477,-0.2323488,-0.2491241,0.7403213,0.06718551,0.1722418,0.0806445,0.06413803,0.168184,0.06856953,-0.9143438,0.3534435,0.05371787,-0.1901775,0.06413803,0.168184,0.06856953,0.06584621,0.1708842,0.06082781,-0.9137488,0.3567161,-0.03708142,0.1908971
right,0.05678577,0.1914739,0.06424753,-0.04345283,0.4424813,0.228955,-0.2967588,-0.9546961,0.02212443,-0.2709236,0.1063852,0.956704,-0.03284504,-0.1434196,-0.1468779,0.9781507,1,0.6526835,0.05478832,0.1904818,0.02606494,0.05478832,0.1904818,0.02606494,-0.2437959,-0.2710432,0.3687999,0.8550355,0.05478832,0.1904818,0.02606494,0.02720114,0.1911114,0.04681779,-0.205868,-0.3963454,0.3941946,0.8032057,0.02720114,0.1911114,0.04681779,0.01547671,0.1877736,0.06124785,-0.07660206,-0.3349342,0.45204,0.8231713,0.01547671,0.1877736,0.06124785,0.01463176,0.1817132,0.07186046,0.1932317,-0.1717696,0.5359485,0.8036889,0.06027616,0.1989298,0.03090181,0.03752775,0.1993372,0.07478683,0.02661593,-0.2353749,-0.1264324,0.9632783,0.03752775,0.1993372,0.07478683,0.03033981,0.1815331,0.08443942,0.4862608,-0.1974038,0.001637555,0.8512223,0.03033981,0.1815331,0.08443942,0.03300211,0.1722352,0.07490584,-0.9158555,0.1105148,-0.1499453,-0.3556848,0.03300211,0.1722352,0.07490584,0.03753944,0.1728266,0.06488483,-0.9766678,0.03079819,-0.2097828,0.03409942,0.0665616,0.1990256,0.03541425,0.0506765,0.1977011,0.07949884,0.05022783,-0.1651396,-0.2073294,0.9629229,0.0506765,0.1977011,0.07949884,0.0372294,0.1779571,0.08562694,0.5429174,-0.2846011,-0.09072698,0.784864,0.0372294,0.1779571,0.08562694,0.039859,0.1710227,0.06944278,-0.9370733,0.2764809,-0.1289143,-0.1698027,0.039859,0.1710227,0.06944278,0.0453665,0.174222,0.05951848,-0.9357799,0.2123898,-0.2060313,0.1917226,0.07415306,0.1948223,0.03917015,0.06578454,0.1918373,0.08031021,0.05878798,-0.08838498,-0.2405226,0.9648217,0.06578454,0.1918373,0.08031021,0.05211515,0.1718503,0.08458103,0.5908749,-0.2530201,-0.148632,0.7515026,0.05211515,0.1718503,0.08458103,0.05259384,0.1686799,0.07064136,-0.9428968,0.3134036,-0.05116095,-0.10053,0.05259384,0.1686799,0.07064136,0.05648313,0.1721442,0.06162672,-0.9241679,0.2807968,-0.1349546,0.2210298,0.07980271,0.1873406,0.03817942,0.07769805,0.1845743,0.076985,0.04227559,-0.01437214,-0.3168038,0.9474395,0.07769805,0.1845743,0.076985,0.06718551,0.1722418,0.0806445,0.5795477,-0.2323488,-0.2491241,0.7403213,0.06718551,0.1722418,0.0806445,0.06413803,0.168184,0.06856953,-0.9143438,0.3534435,0.05371787,-0.1901775,0.06413803,0.168184,0.06856953,0.06584621,0.1708842,0.06082781,-0.9137488,0.3567161,-0.03708142,0.1908971
right,0.05614896,0.1955832,0.06577905,-0.07240506,0.4672382,0.1741358,-0.3082462,-0.951006,0.02391495,-0.2672012,0.1106793,0.9572636,-0.03442644,-0.142067,-0.1526821,0.9774047,1,0.6641248,0.05406863,0.1945669,0.02753959,0.05406863,0.1945669,0.02753959,-0.2454313,-0.2682863,0.3640659,0.8574625,0.05406863,0.1945669,0.02753959,0.02653834,0.1952748,0.04839931,-0.2046335,-0.3952569,0.3911327,0.8055509,0.02653834,0.1952748,0.04839931,0.01487389,0.1919518,0.06302944,-0.07408097,-0.3310355,0.4490902,0.8265867,0.01487389,0.1919518,0.06302944,0.0140451,0.185831,0.07373829,0.1948973,-0.1699879,0.5315202,0.8066012,0.05971321,0.2029495,0.0323819,0.03706054,0.2036799,0.07636537,0.02451005,-0.2343883,-0.132172,0.9628042,0.03706054,0.2036799,0.07636537,0.02958156,0.1859694,0.08596545,0.4854145,-0.2024754,-0.003739502,0.8505072,0.02958156,0.1859694,0.08596545,0.03208534,0.1765804,0.0764589,-0.913968,0.1196769,-0.147703,-0.3585021,0.03208534,0.1765804,0.0764589,0.03655441,0.1770235,0.06643407,-0.9770063,0.04198671,-0.2069381,0.02953798,0.06597506,0.2029828,0.03689766,0.05017123,0.2018968,0.08106556,0.04844544,-0.1643416,-0.2131329,0.9618832,0.05017123,0.2018968,0.08106556,0.03662347,0.1823535,0.08729448,0.540666,-0.2845771,-0.09607229,0.7857902,0.03662347,0.1823535,0.08729448,0.03915825,0.1753909,0.07120217,-0.936618,0.2773356,-0.1273374,-0.1720955,0.03915825,0.1753909,0.07120217,0.04463523,0.1785099,0.06120598,-0.9365152,0.2142103,-0.2045135,0.1876898,0.07349601,0.1986846,0.04064265,0.06518779,0.1958423,0.08184615,0.05742764,-0.08765583,-0.2463892,0.9634889,0.06518779,0.1958423,0.08184615,0.05115763,0.1761916,0.08611676,0.5873571,-0.260629,-0.1540387,0.7505707,0.05115763,0.1761916,0.08611676,0.05151607,0.1730356,0.07224194,-0.9381602,0.3274856,-0.0487336,-0.1011612,0.05151607,0.1730356,0.07224194,0.0554289,0.1764123,0.06320599,-0.9201965,0.2953921,-0.1338671,0.2192292,0.07903171,0.1911768,0.03964908,0.07698963,0.188475,0.07849992,0.0412774,-0.01360746,-0.3225828,0.9455429,0.07698963,0.188475,0.07849992,0.06641135,0.17619,0.08212031,0.580721,-0.231923,-0.253554,0.7380279,0.06641135,0.17619,0.08212031,0.06332603,0.172205,0.07004597,-0.9143227,0.3541658,0.05603116,-0.1882578,0.06332603,0.172205,0.07004597,0.06505043,0.1749298,0.06228046,-0.9130911,0.3578208,-0.0370691,0.1919757
right,0.05554789,0.2001196,0.066875,-0.07014586,0.5293926,0.1278982,-0.3202538,-0.9469121,0.02819742,-0.2630093,0.1174682,0.9576154,-0.03729078,-0.1407185,-0.1585982,0.9765522,1,0.6729171,0.05336583,0.1989949,0.02858432,0.05336583,0.1989949,0.02858432,-0.2481412,-0.2648421,0.3594284,0.8597068,0.05336583,0.1989949,0.02858432,0.02582313,0.199771,0.04957387,-0.2036964,-0.3943601,0.388647,0.8074288,0.02582313,0.199771,0.04957387,0.01427149,0.1964466,0.06444366,-0.07078139,-0.3258078,0.4471371,0.8300046,0.01427149,0.1964466,0.06444366,0.01350829,0.1902834,0.07528516,0.1965959,-0.1658002,0.5275042,0.8096911,0.05916988,0.2073078,0.03341076,0.03663454,0.2084838,0.07749601,0.02111202,-0.2333972,-0.1379153,0.9623198,0.03663454,0.2084838,0.07749601,0.02883391,0.1907188,0.08701363,0.4863597,-0.2079649,-0.008221501,0.848609,0.02883391,0.1907188,0.08701363,0.03123469,0.1813061,0.0774786,-0.9131358,0.1281912,-0.1468399,-0.3580337,0.03123469,0.1813061,0.0774786,0.03570031,0.1817617,0.0674466,-0.9766216,0.05104821,-0.2063485,0.0320118,0.06540973,0.207297,0.03792263,0.04970635,0.2065683,0.08217952,0.04537859,-0.1636501,-0.2190276,0.9608259,0.04970635,0.2065683,0.08217952,0.03608027,0.187064,0.08844442,0.5407225,-0.2833771,-0.1003806,0.7856464,0.03608027,0.187064,0.08844442,0.03859121,0.1801474,0.07234481,-0.9372832,0.2761405,-0.1261331,-0.1712808,0.03859121,0.1801474,0.07234481,0.04407242,0.1832979,0.06233557,-0.9366213,0.2132488,-0.2042286,0.1885633,0.07286037,0.2028865,0.04166997,0.06462794,0.200294,0.08294478,0.05479832,-0.08708024,-0.2524429,0.9621262,0.06462794,0.200294,0.08294478,0.05022011,0.1809701,0.08723198,0.5833718,-0.2685521,-0.1592289,0.7498022,0.05022011,0.1809701,0.08723198,0.05048475,0.1778354,0.07340568,-0.9332257,0.3415105,-0.04704394,-0.1012287,0.05048475,0.1778354,0.07340568,0.05444502,0.1811377,0.06438898,-0.9155734,0.3094548,-0.1342006,0.2189824,0.07829011,0.1953753,0.04068274,0.07632405,0.1928352,0.07958443,0.03904282,-0.01309225,-0.3286295,0.9435608,0.07632405,0.1928352,0.07958443,0.06570844,0.1805361,0.08321492,0.5817683,-0.2291411,-0.2579398,0.7365507,0.06570844,0.1805361,0.08321492,0.06257765,0.1765929,0.07113651,-0.9152611,0.3518585,0.05873567,-0.1871972,0.06257765,0.1765929,0.07113651,0.06431545,0.1793502,0.06335378,-0.9135041,0.3559538,-0.03736244,0.1934197
right,0.05554789,0.2001196,0.066875,-0.07014586,0.5293926,0.1278982,-0.3202538,-0.9469121,0.02819742,-0.2630093,0.1174682,0.9576154,-0.03729078,-0.1407185,-0.1585982,0.9765522,1,0.6729171,0.05336583,0.1989949,0.02858432,0.05336583,0.1989949,0.02858432,-0.2481412,-0.2648421,0.3594284,0.8597068,0.05336583,0.1989949,0.02858432,0.02582313,0.199771,0.04957387,-0.2036964,-0.3943601,0.388647,0.8074288,0.02582313,0.199771,0.04957387,0.01427149,0.1964466,0.06444366,-0.07078139,-0.3258078,0.4471371,0.8300046,0.01427149,0.1964466,0.06444366,0.01350829,0.1902834,0.07528516,0.1965959,-0.1658002,0.5275042,0.8096911,0.05916988,0.2073078,0.03341076,0.03663454,0.2084838,0.07749601,0.02111202,-0.2333972,-0.1379153,0.9623198,0.03663454,0.2084838,0.07749601,0.02883391,0.1907188,0.08701363,0.4863597,-0.2079649,-0.008221501,0.848609,0.02883391,0.1907188,0.08701363,0.03123469,0.1813061,0.0774786,-0.9131358,0.1281912,-0.1468399,-0.3580337,0.03123469,0.1813061,0.0774786,0.03570031,0.1817617,0.0674466,-0.9766216,0.05104821,-0.2063485,0.0320118,0.06540973,0.207297,0.03792263,0.04970635,0.2065683,0.08217952,0.04537859,-0.1636501,-0.2190276,0.9608259,0.04970635,0.2065683,0.08217952,0.03608027,0.187064,0.08844442,0.5407225,-0.2833771,-0.1003806,0.7856464,0.03608027,0.187064,0.08844442,0.03859121,0.1801474,0.07234481,-0.9372832,0.2761405,-0.1261331,-0.1712808,0.03859121,0.1801474,0.07234481,0.04407242,0.1832979,0.06233557,-0.9366213,0.2132488,-0.2042286,0.1885633,0.07286037,0.2028865,0.04166997,0.06462794,0.200294,0.08294478,0.05479832,-0.08708024,-0.2524429,0.9621262,0.06462794,0.200294,0.08294478,0.05022011,0.1809701,0.08723198,0.5833718,-0.2685521,-0.1592289,0.7498022,0.05022011,0.1809701,0.08723198,0.05048475,0.1778354,0.07340568,-0.9332257,0.3415105,-0.04704394,-0.1012287,0.05048475,0.1778354,0.07340568,0.05444502,0.1811377,0.06438898,-0.9155734,0.3094548,-0.1342006,0.2189824,0.07829011,0.1953753,0.04068274,0.07632405,0.1928352,0.07958443,0.03904282,-0.01309225,-0.3286295,0.9435608,0.07632405,0.1928352,0.07958443,0.06570844,0.1805361,0.08321492,0.5817683,-0.2291411,-0.2579398,0.7365507,0.06570844,0.1805361,0.08321492,0.06257765,0.1765929,0.07113651,-0.9152611,0.3518585,0.05873567,-0.1871972,0.06257765,0.1765929,0.07113651,0.06431545,0.1793502,0.06335378,-0.9135041,0.3559538,-0.03736244,0.1934197
right,0.05499795,0.2049865,0.06744406,-0.06328462,0.5600558,0.06548457,-0.3263617,-0.9446532,0.03344379,-0.2585755,0.1232532,0.9580957,-0.04012894,-0.1390749,-0.1614407,0.9762094,1,0.6855047,0.05269312,0.2037096,0.02909754,0.05269312,0.2037096,0.02909754,-0.250153,-0.2616254,0.3576299,0.860858,0.05269312,0.2037096,0.02909754,0.02509208,0.2046036,0.05021375,-0.2044981,-0.393026,0.3878391,0.8082647,0.02509208,0.2046036,0.05021375,0.01367385,0.2012994,0.06530663,-0.06862605,-0.3201336,0.4470615,0.8324307,0.01367385,0.2012994,0.06530663,0.01304484,0.1951177,0.07627919,0.1987656,-0.1594102,0.5255258,0.8117285,0.05862499,0.2119916,0.03390018,0.0362369,0.2135047,0.07812303,0.01803785,-0.2319281,-0.1406254,0.9623453,0.0362369,0.2135047,0.07812303,0.0281892,0.1958492,0.08763675,0.4842581,-0.2130062,-0.01127798,0.8485253,0.0281892,0.1958492,0.08763675,0.0304335,0.1863779,0.07809559,-0.9114802,0.1385993,-0.1449369,-0.3591481,0.0304335,0.1863779,0.07809559,0.03479137,0.1867626,0.0680245,-0.9769629,0.06437311,-0.201066,0.03117956,0.06484026,0.2119846,0.03839029,0.04928102,0.2115463,0.08276723,0.04238271,-0.1624366,-0.2219263,0.9605034,0.04928102,0.2115463,0.08276723,0.03560029,0.1921448,0.08910867,0.5391393,-0.2833586,-0.1030252,0.7863985,0.03560029,0.1921448,0.08910867,0.03804972,0.1852287,0.0730036,-0.9369476,0.277734,-0.1247183,-0.171576,0.03804972,0.1852287,0.0730036,0.04352162,0.1883557,0.06295817,-0.9365512,0.2154442,-0.2032042,0.1875198,0.07222065,0.2075303,0.04213846,0.06411828,0.2051638,0.08350906,0.05198807,-0.08596699,-0.2555261,0.9615682,0.06411828,0.2051638,0.08350906,0.04963006,0.1860579,0.0878245,0.5813963,-0.2709498,-0.1619461,0.749892,0.04963006,0.1860579,0.0878245,0.04984171,0.1829172,0.07406253,-0.9314402,0.3461663,-0.04606819,-0.1023029,0.04984171,0.1829172,0.07406253,0.05377625,0.1861621,0.06508476,-0.9142913,0.3143577,-0.1335168,0.2177703,0.07758781,0.2000051,0.04116094,0.07575113,0.1976397,0.08013136,0.03637081,-0.01212494,-0.331778,0.9425781,0.07575113,0.1976397,0.08013136,0.06514981,0.1853003,0.08380441,0.5821801,-0.2257125,-0.2604288,0.7364082,0.06514981,0.1853003,0.08380441,0.06199697,0.1813522,0.07172601,-0.916674,0.3478193,0.06026443,-0.1873467,0.06199697,0.1813522,0.07172601,0.06373573,0.1841383,0.06390541,-0.914841,0.352233,-0.03737653,0.1939095
right,0.05499795,0.2049865,0.06744406,-0.06328462,0.5600558,0.06548457,-0.3263617,-0.9446532,0.03344379,-0.2585755,0.1232532,0.9580957,-0.04012894,-0.1390749,-0.1614407,0.9762094,1,0.6855047,0.05269312,0.2037096,0.02909754,0.05269312,0.2037096,0.02909754,-0.250153,-0.2616254,0.3576299,0.860858,0.05269312,0.2037096,0.02909754,0.02509208,0.2046036,0.05021375,-0.2044981,-0.393026,0.3878391,0.8082647,0.02509208,0.2046036,0.05021375,0.01367385,0.2012994,0.06530663,-0.06862605,-0.3201336,0.4470615,0.8324307,0.01367385,0.2012994,0.06530663,0.01304484,0.1951177,0.07627919,0.1987656,-0.1594102,0.5255258,0.8117285,0.05862499,0.2119916,0.03390018,0.0362369,0.2135047,0.07812303,0.01803785,-0.2319281,-0.1406254,0.9623453,0.0362369,0.2135047,0.07812303,0.0281892,0.1958492,0.08763675,0.4842581,-0.2130062,-0.01127798,0.8485253,0.0281892,0.1958492,0.08763675,0.0304335,0.1863779,0.07809559,-0.9114802,0.1385993,-0.1449369,-0.3591481,0.0304335,0.1863779,0.07809559,0.03479137,0.1867626,0.0680245,-0.9769629,0.06437311,-0.201066,0.03117956,0.06484026,0.2119846,0.03839029,0.04928102,0.2115463,0.08276723,0.04238271,-0.1624366,-0.2219263,0.9605034,0.04928102,0.2115463,0.08276723,0.03560029,0.1921448,0.08910867,0.5391393,-0.2833586,-0.1030252,0.7863985,0.03560029,0.1921448,0.08910867,0.03804972,0.1852287,0.0730036,-0.9369476,0.277734,-0.1247183,-0.171576,0.03804972,0.1852287,0.0730036,0.04352162,0.1883557,0.06295817,-0.9365512,0.2154442,-0.2032042,0.1875198,0.07222065,0.2075303,0.04213846,0.06411828,0.2051638,0.08350906,0.05198807,-0.08596699,-0.2555261,0.9615682,0.06411828,0.2051638,0.08350906,0.04963006,0.1860579,0.0878245,0.5813963,-0.2709498,-0.1619461,0.749892,0.04963006,0.1860579,0.0878245,0.04984171,0.1829172,0.07406253,-0.9314402,0.3461663,-0.04606819,-0.1023029,0.04984171,0.1829172,0.07406253,0.05377625,0.1861621,0.06508476,-0.9142913,0.3143577,-0.1335168,0.2177703,0.07758781,0.2000051,0.04116094,0.07575113,0.1976397,0.08013136,0.03637081,-0.01212494,-0.331778,0.9425781,0.07575113,0.1976397,0.08013136,0.06514981,0.1853003,0.08380441,0.5821801,-0.2257125,-0.2604288,0.7364082,0.06514981,0.1853003,0.08380441,0.06199697,0.1813522,0.07172601,-0.916674,0.3478193,0.06026443,-0.1873467,0.06199697,0.1813522,0.07172601,0.06373573,0.1841383,0.06390541,-0.914841,0.352233,-0.03737653,0.1939095
right,0.0542348,0.2100004,0.06760256,-0.08687867,0.5708047,0.0180431,-0.3338501,-0.9418439,0.03839412,-0.2567065,0.1300339,0.9577019,-0.04316371,-0.1388738,-0.1649695,0.9755183,1,0.7014419,0.0519232,0.2085473,0.02920355,0.0519232,0.2085473,0.02920355,-0.2531566,-0.2593569,0.3549518,0.8617743,0.0519232,0.2085473,0.02920355,0.02431031,0.2095815,0.05036424,-0.2056597,-0.3920533,0.3865209,0.8090735,0.02431031,0.2095815,0.05036424,0.0129431,0.2063255,0.06553321,-0.06844115,-0.3177587,0.4459998,0.8339241,0.0129431,0.2063255,0.06553321,0.01242945,0.2001546,0.07654789,0.2007824,-0.1543984,0.5240644,0.8131446,0.0579589,0.2168033,0.03397566,0.03559313,0.2187156,0.07827153,0.01467581,-0.2319128,-0.1438961,0.9619225,0.03559313,0.2187156,0.07827153,0.02730267,0.2011662,0.08777478,0.4822167,-0.2181612,-0.01397416,0.8483381,0.02730267,0.2011662,0.08777478,0.02940026,0.1916054,0.07823575,-0.9093297,0.1486148,-0.1434198,-0.3611979,0.02940026,0.1916054,0.07823575,0.03368364,0.1918597,0.06816034,-0.9768036,0.07664418,-0.1980611,0.0274259,0.06413986,0.2167784,0.03847274,0.04859676,0.2166829,0.08292656,0.03926551,-0.1627204,-0.2253711,0.9597855,0.04859676,0.2166829,0.08292656,0.03491576,0.1973496,0.08927843,0.5389667,-0.2828383,-0.1048676,0.7864606,0.03491576,0.1973496,0.08927843,0.03732068,0.1904296,0.07314363,-0.936954,0.278183,-0.1234185,-0.1717536,0.03732068,0.1904296,0.07314363,0.04279457,0.1935273,0.06307302,-0.9366351,0.2163327,-0.203104,0.1861819,0.07147294,0.2122778,0.04224447,0.06337868,0.2101771,0.08369079,0.0491579,-0.0863724,-0.2591677,0.9607057,0.06337868,0.2101771,0.08369079,0.04865942,0.1913446,0.08795298,0.5788094,-0.2778592,-0.1642019,0.7488736,0.04865942,0.1913446,0.08795298,0.04883912,0.1881973,0.07421839,-0.9275712,0.3562866,-0.04628737,-0.1026106,0.04883912,0.1881973,0.07421839,0.052832,0.1913313,0.06529173,-0.9108697,0.323979,-0.1365763,0.2161041,0.07673381,0.2047313,0.04129465,0.07491154,0.2025698,0.08033198,0.03384783,-0.01266555,-0.3355183,0.9413402,0.07491154,0.2025698,0.08033198,0.06415708,0.1902598,0.08398911,0.5816836,-0.2290806,-0.2624045,0.735058,0.06415708,0.1902598,0.08398911,0.06097179,0.186324,0.07188337,-0.9149379,0.3523729,0.06054707,-0.1872323,0.06097179,0.186324,0.07188337,0.06280965,0.1890981,0.06404274,-0.9130211,0.355886,-0.04222589,0.1948193
right,0.0542348,0.2100004,0.06760256,-0.08687867,0.5708047,0.0180431,-0.3338501,-0.9418439,0.03839412,-0.2567065,0.1300339,0.9577019,-0.04316371,-0.1388738,-0.1649695,0.9755183,1,0.7014419,0.0519232,0.2085473,0.02920355,0.0519232,0.2085473,0.02920355,-0.2531566,-0.2593569,0.3549518,0.8617743,0.0519232,0.2085473,0.02920355,0.02431031,0.2095815,0.05036424,-0.2056597,-0.3920533,0.3865209,0.8090735,0.02431031,0.2095815,0.05036424,0.0129431,0.2063255,0.06553321,-0.06844115,-0.3177587,0.4459998,0.8339241,0.0129431,0.2063255,0.06553321,0.01242945,0.2001546,0.07654789,0.2007824,-0.1543984,0.5240644,0.8131446,0.0579589,0.2168033,0.03397566,0.03559313,0.2187156,0.07827153,0.01467581,-0.2319128,-0.1438961,0.9619225,0.03559313,0.2187156,0.07827153,0.02730267,0.2011662,0.08777478,0.4822167,-0.2181612,-0.01397416,0.8483381,0.02730267,0.2011662,0.08777478,0.02940026,0.1916054,0.07823575,-0.9093297,0.1486148,-0.1434198,-0.3611979,0.02940026,0.1916054,0.07823575,0.03368364,0.1918597,0.06816034,-0.9768036,0.07664418,-0.1980611,0.0274259,0.06413986,0.2167784,0.03847274,0.04859676,0.2166829,0.08292656,0.03926551,-0.1627204,-0.2253711,0.9597855,0.04859676,0.2166829,0.08292656,0.03491576,0.1973496,0.08927843,0.5389667,-0.2828383,-0.1048676,0.7864606,0.03491576,0.1973496,0.08927843,0.03732068,0.1904296,0.07314363,-0.936954,0.278183,-0.1234185,-0.1717536,0.03732068,0.1904296,0.07314363,0.04279457,0.1935273,0.06307302,-0.9366351,0.2163327,-0.203104,0.1861819,0.07147294,0.2122778,0.04224447,0.06337868,0.2101771,0.08369079,0.0491579,-0.0863724,-0.2591677,0.9607057,0.06337868,0.2101771,0.08369079,0.04865942,0.1913446,0.08795298,0.5788094,-0.2778592,-0.1642019,0.7488736,0.04865942,0.1913446,0.08795298,0.04883912,0.1881973,0.07421839,-0.9275712,0.3562866,-0.04628737,-0.1026106,0.04883912,0.1881973,0.07421839,0.052832,0.1913313,0.06529173,-0.9108697,0.323979,-0.1365763,0.2161041,0.07673381,0.2047313,0.04129465,0.07491154,0.2025698,0.08033198,0.03384783,-0.01266555,-0.3355183,0.9413402,0.07491154,0.2025698,0.08033198,0.06415708,0.1902598,0.08398911,0.5816836,-0.2290806,-0.2624045,0.735058,0.06415708,0.1902598,0.08398911,0.06097179,0.186324,0.07188337,-0.9149379,0.3523729,0.06054707,-0.1872323,0.06097179,0.186324,0.07188337,0.06280965,0.1890981,0.06404274,-0.9130211,0.355886,-0.04222589,0.1948193
right,0.0535845,0.2157177,0.06733268,-0.07447374,0.6547502,-0.03090625,-0.3383904,-0.9396496,0.05050291,-0.2554609,0.1433861,0.9561277,-0.04972204,-0.139513,-0.1664419,0.9748646,1,0.7087383,0.05126864,0.2137597,0.02888537,0.05126864,0.2137597,0.02888537,-0.2591248,-0.2562286,0.3545696,0.8610932,0.05126864,0.2137597,0.02888537,0.02365264,0.2151737,0.05003693,-0.2114758,-0.3892308,0.3871682,0.8086274,0.02365264,0.2151737,0.05003693,0.01234996,0.2120181,0.06524773,-0.07054749,-0.3148694,0.4476784,0.833945,0.01234996,0.2120181,0.06524773,0.01199258,0.2059763,0.07633004,0.1996217,-0.1460387,0.5249218,0.8144206,0.05737318,0.2220648,0.0335908,0.0350146,0.2246496,0.07793261,0.007982729,-0.232561,-0.144765,0.9617145,0.0350146,0.2246496,0.07793261,0.02660502,0.2070815,0.08745375,0.4811293,-0.2211977,-0.01316493,0.8481821,0.02660502,0.2070815,0.08745375,0.02871708,0.1974539,0.07793352,-0.9079971,0.1513447,-0.1453181,-0.3626551,0.02871708,0.1974539,0.07793352,0.03301932,0.1976539,0.06788485,-0.9763845,0.07899929,-0.1994543,0.02550506,0.06352957,0.2221085,0.03808474,0.0479933,0.2226517,0.0826062,0.03272857,-0.1639461,-0.2266781,0.9595142,0.0479933,0.2226517,0.0826062,0.03448483,0.2032186,0.08899096,0.5401796,-0.2792383,-0.103183,0.7871374,0.03448483,0.2032186,0.08899096,0.03690697,0.1962907,0.07280871,-0.9384091,0.2733972,-0.1227364,-0.1719828,0.03690697,0.1962907,0.07280871,0.04237211,0.1994115,0.06267428,-0.9379928,0.2119706,-0.2023542,0.1851777,0.0708262,0.2176143,0.04189686,0.06273723,0.2160755,0.08342804,0.04278997,-0.08783738,-0.2609623,0.9603918,0.06273723,0.2160755,0.08342804,0.04791016,0.1973085,0.08754138,0.5790428,-0.2827778,-0.1626686,0.7471848,0.04791016,0.1973085,0.08754138,0.04817481,0.1941894,0.07379959,-0.9260225,0.3605466,-0.04920482,-0.1003368,0.04817481,0.1941894,0.07379959,0.05222133,0.197272,0.06495376,-0.9090405,0.3272403,-0.1401411,0.2166096,0.07602796,0.2099752,0.04103846,0.07421768,0.2083144,0.08015469,0.02775848,-0.01458401,-0.3377258,0.9407221,0.07421768,0.2083144,0.08015469,0.06319343,0.1961115,0.08370372,0.5803869,-0.2401554,-0.2612279,0.7329642,0.06319343,0.1961115,0.08370372,0.06004184,0.1922119,0.07151497,-0.9104866,0.3652667,0.05696412,-0.185336,0.06004184,0.1922119,0.07151497,0.06202249,0.1949204,0.06366639,-0.9084837,0.366613,-0.04921922,0.1944984
right,0.05299459,0.2215017,0.06637876,-0.06887408,0.6753097,-0.1113746,-0.3417208,-0.9378663,0.06027991,-0.2552496,0.1543502,0.9544756,-0.05507453,-0.14046,-0.1674325,0.9742711,1,0.7209504,0.05072111,0.2191402,0.02789109,0.05072111,0.2191402,0.02789109,-0.2641664,-0.2540416,0.354352,0.8602986,0.05072111,0.2191402,0.02789109,0.02298204,0.2208213,0.04898611,-0.2164375,-0.3883857,0.3878975,0.8073704,0.02298204,0.2208213,0.04898611,0.01176399,0.2177442,0.06427207,-0.07182794,-0.3113663,0.4496518,0.8340893,0.01176399,0.2177442,0.06427207,0.01154182,0.2117485,0.0754591,0.199699,-0.139609,0.5258823,0.8149095,0.05689931,0.2274651,0.03252929,0.03449786,0.230601,0.07690969,0.002530901,-0.233492,-0.1452332,0.9614481,0.03449786,0.230601,0.07690969,0.02603681,0.2132481,0.08663873,0.4750175,-0.2221361,-0.01382905,0.8513652,0.02603681,0.2132481,0.08663873,0.02810572,0.2034826,0.07726684,-0.9050932,0.1517924,-0.1454588,-0.369604,0.02810572,0.2034826,0.07726684,0.03232993,0.2034902,0.06720871,-0.9769668,0.0808089,-0.196797,0.01663437,0.06301446,0.2275513,0.03702177,0.0474397,0.2286201,0.08160603,0.02742246,-0.1653529,-0.2274985,0.959245,0.0474397,0.2286201,0.08160603,0.0340159,0.2092844,0.08804499,0.5386701,-0.2791183,-0.102094,0.7883555,0.0340159,0.2092844,0.08804499,0.03643296,0.2023064,0.07181034,-0.9381461,0.273876,-0.1226497,-0.1727165,0.03643296,0.2023064,0.07181034,0.04187914,0.2053508,0.06162927,-0.9385612,0.2131113,-0.2017356,0.1816292,0.07025607,0.2230868,0.04088247,0.06213493,0.2220122,0.08249605,0.03761898,-0.08944381,-0.2621829,0.9601275,0.06213493,0.2220122,0.08249605,0.04731933,0.2033102,0.08652334,0.5792034,-0.2851383,-0.1610647,0.7465103,0.04731933,0.2033102,0.08652334,0.04761695,0.2001604,0.07277856,-0.9253225,0.361989,-0.05083137,-0.1007888,0.04761695,0.2001604,0.07277856,0.05169928,0.2031756,0.06396527,-0.9086641,0.3280598,-0.1432979,0.2148767,0.07539171,0.2154116,0.04011032,0.07356031,0.2141672,0.0793084,0.02283317,-0.01656613,-0.3392988,0.9402556,0.07356031,0.2141672,0.0793084,0.06233402,0.2020299,0.08279302,0.5789822,-0.2483188,-0.2599128,0.7318215,0.06233402,0.2020299,0.08279302,0.05917586,0.1981234,0.07050852,-0.9067266,0.3750305,0.05472391,-0.184944,0.05917586,0.1981234,0.07050852,0.06125027,0.2007828,0.06265277,-0.9048697,0.3750405,-0.05362282,0.1941136
right,0.05299459,0.2215017,0.06637876,-0.06887408,0.6753097,-0.1113746,-0.3417208,-0.9378663,0.06027991,-0.2552496,0.1543502,0.9544756,-0.05507453,-0.14046,-0.1674325,0.9742711,1,0.7209504,0.05072111,0.2191402,0.02789109,0.05072111,0.2191402,0.02789109,-0.2641664,-0.2540416,0.354352,0.8602986,0.05072111,0.2191402,0.02789109,0.02298204,0.2208213,0.04898611,-0.2164375,-0.3883857,0.3878975,0.8073704,0.02298204,0.2208213,0.04898611,0.01176399,0.2177442,0.06427207,-0.07182794,-0.3113663,0.4496518,0.8340893,0.01176399,0.2177442,0.06427207,0.01154182,0.2117485,0.0754591,0.199699,-0.139609,0.5258823,0.8149095,0.05689931,0.2274651,0.03252929,0.03449786,0.230601,0.07690969,0.002530901,-0.233492,-0.1452332,0.9614481,0.03449786,0.230601,0.07690969,0.02603681,0.2132481,0.08663873,0.4750175,-0.2221361,-0.01382905,0.8513652,0.02603681,0.2132481,0.08663873,0.02810572,0.2034826,0.07726684,-0.9050932,0.1517924,-0.1454588,-0.369604,0.02810572,0.2034826,0.07726684,0.03232993,0.2034902,0.06720871,-0.9769668,0.0808089,-0.196797,0.01663437,0.06301446,0.2275513,0.03702177,0.0474397,0.2286201,0.08160603,0.02742246,-0.1653529,-0.2274985,0.959245,0.0474397,0.2286201,0.08160603,0.0340159,0.2092844,0.08804499,0.5386701,-0.2791183,-0.102094,0.7883555,0.0340159,0.2092844,0.08804499,0.03643296,0.2023064,0.07181034,-0.9381461,0.273876,-0.1226497,-0.1727165,0.03643296,0.2023064,0.07181034,0.04187914,0.2053508,0.06162927,-0.9385612,0.2131113,-0.2017356,0.1816292,0.07025607,0.2230868,0.04088247,0.06213493,0.2220122,0.08249605,0.03761898,-0.08944381,-0.2621829,0.9601275,0.06213493,0.2220122,0.08249605,0.04731933,0.2033102,0.08652334,0.5792034,-0.2851383,-0.1610647,0.7465103,0.04731933,0.2033102,0.08652334,0.04761695,0.2001604,0.07277856,-0.9253225,0.361989,-0.05083137,-0.1007888,0.04761695,0.2001604,0.07277856,0.05169928,0.2031756,0.06396527,-0.9086641,0.3280598,-0.1432979,0.2148767,0.07539171,0.2154116,0.04011032,0.07356031,0.2141672,0.0793084,0.02283317,-0.01656613,-0.3392988,0.9402556,0.07356031,0.2141672,0.0793084,0.06233402,0.2020299,0.08279302,0.5789822,-0.2483188,-0.2599128,0.7318215,0.06233402,0.2020299,0.08279302,0.05917586,0.1981234,0.07050852,-0.9067266,0.3750305,0.05472391,-0.184944,0.05917586,0.1981234,0.07050852,0.06125027,0.2007828,0.06265277,-0.9048697,0.3750405,-0.05362282,0.1941136
right,0.05222233,0.2275132,0.06485969,-0.09047129,0.7042543,-0.1779605,-0.3404384,-0.9374657,0.0725235,-0.2565462,0.1668142,0.9520279,-0.06143665,-0.1421675,-0.1658091,0.9739206,1,0.7290856,0.0500378,0.2246086,0.02634584,0.0500378,0.2246086,0.02634584,-0.2699656,-0.2523216,0.3565288,0.8581023,0.0500378,0.2246086,0.02634584,0.02222485,0.226662,0.04735098,-0.2236984,-0.3861957,0.3903041,0.8052793,0.02222485,0.226662,0.04735098,0.01104627,0.2237933,0.06269933,-0.07715517,-0.3072724,0.4524062,0.8336422,0.01104627,0.2237933,0.06269933,0.01092396,0.2180198,0.07395475,0.1945498,-0.1314788,0.5270998,0.8167187,0.05623724,0.2330177,0.03090701,0.03374954,0.2367235,0.07527906,-0.003691331,-0.2349992,-0.1429612,0.9614176,0.03374954,0.2367235,0.07527906,0.02529722,0.2195792,0.08527185,0.4677936,-0.2225371,-0.01198147,0.8552794,0.02529722,0.2195792,0.08527185,0.02734764,0.2097299,0.07606313,-0.9025078,0.1519077,-0.1464805,-0.3754293,0.02734764,0.2097299,0.07606313,0.03153986,0.2095754,0.06602108,-0.9771128,0.08130998,-0.1963589,0.009074269,0.0623144,0.2331757,0.03541348,0.04666581,0.2348243,0.0800251,0.02121112,-0.1673961,-0.225671,0.9594797,0.04666581,0.2348243,0.0800251,0.03333338,0.2156019,0.08656245,0.5355738,-0.2803388,-0.09867655,0.7904643,0.03333338,0.2156019,0.08656245,0.03575871,0.2085841,0.07032138,-0.9372147,0.2763327,-0.1235316,-0.1732305,0.03575871,0.2085841,0.07032138,0.0411714,0.2115602,0.06009976,-0.9387177,0.2161977,-0.200209,0.1788403,0.06950127,0.2287914,0.03931996,0.06132327,0.2282646,0.08099413,0.03136591,-0.09171543,-0.2608592,0.9604983,0.06132327,0.2282646,0.08099413,0.04658153,0.2095275,0.0849166,0.5799839,-0.2871358,-0.1566225,0.7460839,0.04658153,0.2095275,0.0849166,0.04700805,0.2063702,0.0711495,-0.9257264,0.3607719,-0.0549831,-0.09925302,0.04700805,0.2063702,0.0711495,0.05118073,0.2093551,0.06239794,-0.9085847,0.3252983,-0.1492501,0.2153582,0.07461735,0.2211159,0.03865304,0.07274095,0.2203957,0.07791777,0.01670455,-0.01935814,-0.3384865,0.9406238,0.07274095,0.2203957,0.07791777,0.06138255,0.2083035,0.08129933,0.5782015,-0.2565569,-0.2557342,0.7310688,0.06138255,0.2083035,0.08129933,0.05830926,0.2043907,0.06892025,-0.9040239,0.382976,0.04975807,-0.1832874,0.05830926,0.2043907,0.06892025,0.06047153,0.2069898,0.06106858,-0.9022648,0.3809891,-0.05857882,0.1932199
right,0.05222233,0.2275132,0.06485969,-0.09047129,0.7042543,-0.1779605,-0.3404384,-0.9374657,0.0725235,-0.2565462,0.1668142,0.9520279,-0.06143665,-0.1421675,-0.1658091,0.9739206,1,0.7290856,0.0500378,0.2246086,0.02634584,0.0500378,0.2246086,0.02634584,-0.2699656,-0.2523216,0.3565288,0.8581023,0.0500378,0.2246086,0.02634584,0.02222485,0.226662,0.04735098,-0.2236984,-0.3861957,0.3903041,0.8052793,0.02222485,0.226662,0.04735098,0.01104627,0.2237933,0.06269933,-0.07715517,-0.3072724,0.4524062,0.8336422,0.01104627,0.2237933,0.06269933,0.01092396,0.2180198,0.07395475,0.1945498,-0.1314788,0.5270998,0.8167187,0.05623724,0.2330177,0.03090701,0.03374954,0.2367235,0.07527906,-0.003691331,-0.2349992,-0.1429612,0.9614176,0.03374954,0.2367235,0.07527906,0.02529722,0.2195792,0.08527185,0.4677936,-0.2225371,-0.01198147,0.8552794,0.02529722,0.2195792,0.08527185,0.02734764,0.2097299,0.07606313,-0.9025078,0.1519077,-0.1464805,-0.3754293,0.02734764,0.2097299,0.07606313,0.03153986,0.2095754,0.06602108,-0.9771128,0.08130998,-0.1963589,0.009074269,0.0623144,0.2331757,0.03541348,0.04666581,0.2348243,0.0800251,0.02121112,-0.1673961,-0.225671,0.9594797,0.04666581,0.2348243,0.0800251,0.03333338,0.2156019,0.08656245,0.5355738,-0.2803388,-0.09867655,0.7904643,0.03333338,0.2156019,0.08656245,0.03575871,0.2085841,0.07032138,-0.9372147,0.2763327,-0.1235316,-0.1732305,0.03575871,0.2085841,0.07032138,0.0411714,0.2115602,0.06009976,-0.9387177,0.2161977,-0.200209,0.1788403,0.06950127,0.2287914,0.03931996,0.06132327,0.2282646,0.08099413,0.03136591,-0.09171543,-0.2608592,0.9604983,0.06132327,0.2282646,0.08099413,0.04658153,0.2095275,0.0849166,0.5799839,-0.2871358,-0.1566225,0.7460839,0.04658153,0.2095275,0.0849166,0.04700805,0.2063702,0.0711495,-0.9257264,0.3607719,-0.0549831,-0.09925302,0.04700805,0.2063702,0.0711495,0.05118073,0.2093551,0.06239794,-0.9085847,0.3252983,-0.1492501,0.2153582,0.07461735,0.2211159,0.03865304,0.07274095,0.2203957,0.07791777,0.01670455,-0.01935814,-0.3384865,0.9406238,0.07274095,0.2203957,0.07791777,0.06138255,0.2083035,0.08129933,0.5782015,-0.2565569,-0.2557342,0.7310688,0.06138255,0.2083035,0.08129933,0.05830926,0.2043907,0.06892025,-0.9040239,0.382976,0.04975807,-0.1832874,0.05830926,0.2043907,0.06892025,0.06047153,0.2069898,0.06106858,-0.9022648,0.3809891,-0.05857882,0.1932199
right,0.05179739,0.2341449,0.06294936,-0.04882131,0.7619147,-0.2194766,-0.3397762,-0.9366354,0.08524214,-0.2596414,0.1805266,0.9486814,-0.06826466,-0.1449111,-0.1643844,0.9733029,1,0.7403864,0.04976974,0.2306606,0.02442064,0.04976974,0.2306606,0.02442064,-0.2766882,-0.2511477,0.3583708,0.8555343,0.04976974,0.2306606,0.02442064,0.02189554,0.2331372,0.04535336,-0.2314232,-0.3833402,0.3925573,0.8033631,0.02189554,0.2331372,0.04535336,0.01078681,0.2305317,0.06075227,-0.0832882,-0.3022074,0.4546788,0.8336672,0.01078681,0.2305317,0.06075227,0.01071356,0.2249828,0.07209465,0.1880222,-0.1245891,0.5273677,0.8191511,0.05598693,0.2391337,0.02889263,0.03333265,0.2434736,0.07318739,-0.01041948,-0.2375251,-0.1407723,0.9610705,0.03333265,0.2434736,0.07318739,0.0249491,0.2266187,0.08357365,0.4579303,-0.2208128,-0.01055404,0.8610634,0.0249491,0.2266187,0.08357365,0.02695834,0.2166859,0.07463779,-0.8991244,0.1492101,-0.1465074,-0.3845091,0.02695834,0.2166859,0.07463779,0.03109267,0.2163113,0.06466151,-0.9774588,0.07876167,-0.1958753,-0.001949664,0.06202,0.2393862,0.03344835,0.04621391,0.2416771,0.07803423,0.01459123,-0.1705165,-0.223939,0.9594595,0.04621391,0.2416771,0.07803423,0.03311697,0.2225755,0.08486668,0.5306897,-0.2772956,-0.09550438,0.7952072,0.03311697,0.2225755,0.08486668,0.035529,0.2154774,0.06872489,-0.937588,0.2727782,-0.1236818,-0.1767018,0.035529,0.2154774,0.06872489,0.04082614,0.2183197,0.05845255,-0.9411477,0.2139546,-0.1974017,0.171747,0.06914857,0.2350768,0.03741682,0.06083282,0.2351542,0.07911715,0.0247559,-0.09509308,-0.2596659,0.9606863,0.06083282,0.2351542,0.07911715,0.04616624,0.2163823,0.08296522,0.5801288,-0.2893396,-0.1517068,0.7461355,0.04616624,0.2163823,0.08296522,0.04666107,0.2131674,0.06919629,-0.9254263,0.360822,-0.05795474,-0.1001746,0.04666107,0.2131674,0.06919629,0.05087343,0.2160959,0.06051083,-0.9085144,0.3242045,-0.1532822,0.2144707,0.07424625,0.2273945,0.03687479,0.07224701,0.227249,0.07618539,0.01032554,-0.02328452,-0.3378547,0.9408535,0.07224701,0.227249,0.07618539,0.06074351,0.2151381,0.07952847,0.5765495,-0.2635618,-0.2512751,0.7314278,0.06074351,0.2151381,0.07952847,0.05773555,0.2111539,0.06702586,-0.9016697,0.389029,0.04476014,-0.1834247,0.05773555,0.2111539,0.06702586,0.06001809,0.2136946,0.05918591,-0.9002504,0.3846287,-0.06574164,0.1931012
right,0.05179739,0.2341449,0.06294936,-0.04882131,0.7619147,-0.2194766,-0.3397762,-0.9366354,0.08524214,-0.2596414,0.1805266,0.9486814,-0.06826466,-0.1449111,-0.1643844,0.9733029,1,0.7403864,0.04976974,0.2306606,0.02442064,0.04976974,0.2306606,0.02442064,-0.2766882,-0.2511477,0.3583708,0.8555343,0.04976974,0.2306606,0.02442064,0.02189554,0.2331372,0.04535336,-0.2314232,-0.3833402,0.3925573,0.8033631,0.02189554,0.2331372,0.04535336,0.01078681,0.2305317,0.06075227,-0.0832882,-0.3022074,0.4546788,0.8336672,0.01078681,0.2305317,0.06075227,0.01071356,0.2249828,0.07209465,0.1880222,-0.1245891,0.5273677,0.8191511,0.05598693,0.2391337,0.02889263,0.03333265,0.2434736,0.07318739,-0.01041948,-0.2375251,-0.1407723,0.9610705,0.03333265,0.2434736,0.07318739,0.0249491,0.2266187,0.08357365,0.4579303,-0.2208128,-0.01055404,0.8610634,0.0249491,0.2266187,0.08357365,0.02695834,0.2166859,0.07463779,-0.8991244,0.1492101,-0.1465074,-0.3845091,0.02695834,0.2166859,0.07463779,0.03109267,0.2163113,0.06466151,-0.9774588,0.07876167,-0.1958753,-0.001949664,0.06202,0.2393862,0.03344835,0.04621391,0.2416771,0.07803423,0.01459123,-0.1705165,-0.223939,0.9594595,0.04621391,0.2416771,0.07803423,0.03311697,0.2225755,0.08486668,0.5306897,-0.2772956,-0.09550438,0.7952072,0.03311697,0.2225755,0.08486668,0.035529,0.2154774,0.06872489,-0.937588,0.2727782,-0.1236818,-0.1767018,0.035529,0.2154774,0.06872489,0.04082614,0.2183197,0.05845255,-0.9411477,0.2139546,-0.1974017,0.171747,0.06914857,0.2350768,0.03741682,0.06083282,0.2351542,0.07911715,0.0247559,-0.09509308,-0.2596659,0.9606863,0.06083282,0.2351542,0.07911715,0.04616624,0.2163823,0.08296522,0.5801288,-0.2893396,-0.1517068,0.7461355,0.04616624,0.2163823,0.08296522,0.04666107,0.2131674,0.06919629,-0.9254263,0.360822,-0.05795474,-0.1001746,0.04666107,0.2131674,0.06919629,0.05087343,0.2160959,0.06051083,-0.9085144,0.3242045,-0.1532822,0.2144707,0.07424625,0.2273945,0.03687479,0.07224701,0.227249,0.07618539,0.01032554,-0.02328452,-0.3378547,0.9408535,0.07224701,0.227249,0.07618539,0.06074351,0.2151381,0.07952847,0.5765495,-0.2635618,-0.2512751,0.7314278,0.06074351,0.2151381,0.07952847,0.05773555,0.2111539,0.06702586,-0.9016697,0.389029,0.04476014,-0.1834247,0.05773555,0.2111539,0.06702586,0.06001809,0.2136946,0.05918591,-0.9002504,0.3846287,-0.06574164,0.1931012
right,0.05147071,0.2409143,0.06038769,-0.03761824,0.7795205,-0.2949877,-0.3361125,-0.9366654,0.09841924,-0.261757,0.1932848,0.9455814,-0.0749492,-0.1469418,-0.1613999,0.973006,1,0.7470822,0.04956392,0.2368358,0.02183853,0.04956392,0.2368358,0.02183853,-0.2826675,-0.2497009,0.3617269,0.8525856,0.04956392,0.2368358,0.02183853,0.021571,0.2394474,0.04261651,-0.2368322,-0.3830613,0.3969501,0.7997532,0.021571,0.2394474,0.04261651,0.01046722,0.2371236,0.0580688,-0.09097011,-0.2977908,0.4579086,0.8326853,0.01046722,0.2371236,0.0580688,0.01041924,0.2316827,0.06948519,0.1841497,-0.1213701,0.5295557,0.8191026,0.05577839,0.2454142,0.02624232,0.03300789,0.2503148,0.07050341,-0.01684578,-0.239255,-0.1370964,0.9610816,0.03300789,0.2503148,0.07050341,0.02467256,0.2337327,0.08112788,0.4500852,-0.2213939,-0.007474665,0.8650736,0.02467256,0.2337327,0.08112788,0.02666099,0.2236752,0.07230425,-0.8963451,0.1507622,-0.1475884,-0.3899408,0.02666099,0.2236752,0.07230425,0.03075217,0.2230802,0.06232614,-0.9773736,0.08161993,-0.1947743,-0.01191898,0.06176366,0.2457582,0.03080055,0.04585942,0.248639,0.07539275,0.00809983,-0.1728031,-0.2207346,0.9598696,0.04585942,0.248639,0.07539275,0.03284454,0.2297078,0.08226924,0.5272129,-0.2804808,-0.09072544,0.7969604,0.03284454,0.2297078,0.08226924,0.03529926,0.2224866,0.06613525,-0.9358253,0.276165,-0.1262927,-0.1789245,0.03529926,0.2224866,0.06613525,0.04058281,0.2251794,0.05586646,-0.9411374,0.2173624,-0.1982769,0.1664338,0.06885161,0.2415541,0.03483022,0.06046205,0.2422067,0.07657573,0.01812807,-0.09762264,-0.2570009,0.9612969,0.06046205,0.2422067,0.07657573,0.04591791,0.2234578,0.08037346,0.5795554,-0.2917148,-0.1462847,0.7467388,0.04591791,0.2234578,0.08037346,0.04657651,0.2201665,0.06662082,-0.9260155,0.3581021,-0.06408341,-0.1007545,0.04657651,0.2201665,0.06662082,0.05082804,0.2230074,0.05804462,-0.909539,0.319685,-0.1594047,0.2124391,0.07394228,0.2338917,0.03439494,0.07188303,0.234312,0.07375953,0.00375334,-0.02640137,-0.3357616,0.9415694,0.07188303,0.234312,0.07375953,0.06042277,0.2221381,0.0770601,0.5768569,-0.2653314,-0.2460294,0.7323284,0.06042277,0.2221381,0.0770601,0.05749119,0.2180692,0.06446853,-0.902113,0.3882073,0.04073538,-0.1839233,0.05749119,0.2180692,0.06446853,0.05982918,0.2206035,0.05662602,-0.9008738,0.3822843,-0.06931446,0.193599
right,0.05090646,0.2475125,0.05733036,-0.06504298,0.7606049,-0.3524297,-0.33215,-0.9368322,0.1096439,-0.2651287,0.2042868,0.9423236,-0.08068781,-0.1494246,-0.1583457,0.9726708,1,0.7572457,0.04917245,0.2429196,0.01877924,0.04917245,0.2429196,0.01877924,-0.2880763,-0.2491144,0.3648877,0.8495946,0.04917245,0.2429196,0.01877924,0.02110887,0.2458179,0.03941425,-0.2435717,-0.3814411,0.4001713,0.796893,0.02110887,0.2458179,0.03941425,0.01003378,0.2436717,0.05490055,-0.09602212,-0.2943462,0.4614877,0.8313658,0.01003378,0.2436717,0.05490055,0.01003092,0.2384177,0.0664003,0.1783548,-0.1157885,0.531619,0.819856,0.05536374,0.2515863,0.02312036,0.03242985,0.2569603,0.06730229,-0.02233196,-0.2414316,-0.1333975,0.960946,0.03242985,0.2569603,0.06730229,0.02414174,0.2406368,0.07826985,0.440823,-0.2207147,-0.00489202,0.8700208,0.02414174,0.2406368,0.07826985,0.02610364,0.2304361,0.06969866,-0.8921654,0.1492084,-0.1484843,-0.3996627,0.02610364,0.2304361,0.06969866,0.03016692,0.2296368,0.05975512,-0.97734,0.07986255,-0.1947887,-0.02204258,0.06128769,0.2520056,0.02769416,0.0452355,0.2553934,0.07225144,0.002580213,-0.1754635,-0.2174329,0.9601713,0.0452355,0.2553934,0.07225144,0.03232809,0.2366447,0.07926977,0.5224956,-0.2822681,-0.08641797,0.7999094,0.03232809,0.2366447,0.07926977,0.03477356,0.2292899,0.06324662,-0.934152,0.2783278,-0.1280656,-0.1830104,0.03477356,0.2292899,0.06324662,0.04003735,0.2318412,0.05296746,-0.9414809,0.2194938,-0.1988484,0.1609209,0.06834533,0.2479049,0.03178744,0.05983332,0.2490596,0.07354356,0.01247655,-0.1004983,-0.2541674,0.9618437,0.05983332,0.2490596,0.07354356,0.0454682,0.2302983,0.07727329,0.5799654,-0.2927175,-0.1406247,0.7471153,0.0454682,0.2302983,0.07727329,0.04629667,0.2269483,0.06353438,-0.9273593,0.3534703,-0.06996724,-0.1008368,0.04629667,0.2269483,0.06353438,0.05062536,0.2297268,0.05503315,-0.9108878,0.313166,-0.1666617,0.2107948,0.0734514,0.2402789,0.03145808,0.07128371,0.241199,0.07085039,-0.001828247,-0.02979404,-0.3334496,0.9422953,0.07128371,0.241199,0.07085039,0.05983565,0.2290626,0.07408328,0.5759677,-0.2704505,-0.2406323,0.7329487,0.05983565,0.2290626,0.07408328,0.05696175,0.2248619,0.06146672,-0.9005897,0.3906772,0.0361196,-0.187096,0.05696175,0.2248619,0.06146672,0.05935783,0.2272838,0.053652,-0.9009996,0.3828018,-0.07538341,0.1896835
right,0.05090646,0.2475125,0.05733036,-0.06504298,0.7606049,-0.3524297,-0.33215,-0.9368322,0.1096439,-0.2651287,0.2042868,0.9423236,-0.08068781,-0.1494246,-0.1583457,0.9726708,1,0.7572457,0.04917245,0.2429196,0.01877924,0.04917245,0.2429196,0.01877924,-0.2880763,-0.2491144,0.3648877,0.8495946,0.04917245,0.2429196,0.01877924,0.02110887,0.2458179,0.03941425,-0.2435717,-0.3814411,0.4001713,0.796893,0.02110887,0.2458179,0.03941425,0.01003378,0.2436717,0.05490055,-0.09602212,-0.2943462,0.4614877,0.8313658,0.01003378,0.2436717,0.05490055,0.01003092,0.2384177,0.0664003,0.1783548,-0.1157885,0.531619,0.819856,0.05536374,0.2515863,0.02312036,0.03242985,0.2569603,0.06730229,-0.02233196,-0.2414316,-0.1333975,0.960946,0.03242985,0.2569603,0.06730229,0.02414174,0.2406368,0.07826985,0.440823,-0.2207147,-0.00489202,0.8700208,0.02414174,0.2406368,0.07826985,0.02610364,0.2304361,0.06969866,-0.8921654,0.1492084,-0.1484843,-0.3996627,0.02610364,0.2304361,0.06969866,0.03016692,0.2296368,0.05975512,-0.97734,0.07986255,-0.1947887,-0.02204258,0.06128769,0.2520056,0.02769416,0.0452355,0.2553934,0.07225144,0.002580213,-0.1754635,-0.2174329,0.9601713,0.0452355,0.2553934,0.07225144,0.03232809,0.2366447,0.07926977,0.5224956,-0.2822681,-0.08641797,0.7999094,0.03232809,0.2366447,0.07926977,0.03477356,0.2292899,0.06324662,-0.934152,0.2783278,-0.1280656,-0.1830104,0.03477356,0.2292899,0.06324662,0.04003735,0.2318412,0.05296746,-0.9414809,0.2194938,-0.1988484,0.1609209,0.06834533,0.2479049,0.03178744,0.05983332,0.2490596,0.07354356,0.01247655,-0.1004983,-0.2541674,0.9618437,0.05983332,0.2490596,0.07354356,0.0454682,0.2302983,0.07727329,0.5799654,-0.2927175,-0.1406247,0.7471153,0.0454682,0.2302983,0.07727329,0.04629667,0.2269483,0.06353438,-0.9273593,0.3534703,-0.06996724,-0.1008368,0.04629667,0.2269483,0.06353438,0.05062536,0.2297268,0.05503315,-0.9108878,0.313166,-0.1666617,0.2107948,0.0734514,0.2402789,0.03145808,0.07128371,0.241199,0.07085039,-0.001828247,-0.02979404,-0.3334496,0.9422953,0.07128371,0.241199,0.07085039,0.05983565,0.2290626,0.07408328,0.5759677,-0.2704505,-0.2406323,0.7329487,0.05983565,0.2290626,0.07408328,0.05696175,0.2248619,0.06146672,-0.9005897,0.3906772,0.0361196,-0.187096,0.05696175,0.2248619,0.06146672,0.05935783,0.2272838,0.053652,-0.9009996,0.3828018,-0.07538341,0.1896835
right,0.05034897,0.2537831,0.05363633,-0.06461395,0.7267699,-0.4281441,-0.3284067,-0.9367093,0.1213458,-0.2699707,0.2162003,0.9382821,-0.08680607,-0.1527209,-0.1552742,0.972127,1,0.7555345,0.04884404,0.248642,0.01509601,0.04884404,0.248642,0.01509601,-0.2941889,-0.2489703,0.3679327,0.8462223,0.04884404,0.248642,0.01509601,0.02068057,0.2519172,0.03561722,-0.251328,-0.3790481,0.4031178,0.7941365,0.02068057,0.2519172,0.03561722,0.009600621,0.2499985,0.05113597,-0.1024774,-0.2908877,0.4645292,0.8301177,0.009600621,0.2499985,0.05113597,0.009602852,0.245037,0.06271885,0.1687136,-0.1092024,0.5326568,0.8221236,0.05500992,0.2573858,0.01936123,0.03184367,0.2632774,0.0634155,-0.02821447,-0.2443955,-0.1295904,0.9605629,0.03184367,0.2632774,0.0634155,0.02365737,0.2471631,0.07456867,0.434618,-0.2203163,-0.0007601604,0.873251,0.02365737,0.2471631,0.07456867,0.02566448,0.2368972,0.06606351,-0.8907511,0.148316,-0.1505641,-0.4023623,0.02566448,0.2368972,0.06606351,0.02969575,0.2359267,0.05613788,-0.9772136,0.08008936,-0.1942284,-0.03024213,0.06086388,0.2579076,0.02396444,0.04459378,0.2618475,0.06845048,-0.003272227,-0.1789577,-0.2140338,0.960288,0.04459378,0.2618475,0.06845048,0.03191253,0.2431486,0.07557843,0.520165,-0.2810585,-0.08095301,0.802422,0.03191253,0.2431486,0.07557843,0.03447192,0.2357302,0.05959046,-0.9346754,0.2742783,-0.1309811,-0.1843833,0.03447192,0.2357302,0.05959046,0.0397076,0.2382093,0.04932276,-0.9429294,0.2153067,-0.199626,0.1570878,0.0678889,0.2539034,0.02813725,0.05918848,0.2556033,0.06988171,0.006519316,-0.1042321,-0.2512659,0.9622675,0.05918848,0.2556033,0.06988171,0.04499979,0.2368365,0.07352595,0.5803038,-0.2944689,-0.1342791,0.7473317,0.04499979,0.2368365,0.07352595,0.04598952,0.2334515,0.05979797,-0.9280916,0.3506014,-0.07545505,-0.1001555,0.04598952,0.2334515,0.05979797,0.05037427,0.236168,0.05137744,-0.9116215,0.3087283,-0.1726439,0.2093494,0.07301737,0.2463005,0.02794313,0.07067876,0.2477614,0.06735093,-0.007643834,-0.03407474,-0.3311127,0.9429448,0.07067876,0.2477614,0.06735093,0.05914287,0.2356937,0.07046386,0.57445,-0.2799198,-0.2342421,0.7326546,0.05914287,0.2356937,0.07046386,0.05638967,0.2314412,0.05777598,-0.8974098,0.3987617,0.02941401,-0.1864927,0.05638967,0.2314412,0.05777598,0.05884551,0.2337886,0.04998726,-0.8983838,0.3888552,-0.07942427,0.1881221
right,0.05034897,0.2537831,0.05363633,-0.06461395,0.7267699,-0.4281441,-0.3284067,-0.9367093,0.1213458,-0.2699707,0.2162003,0.9382821,-0.08680607,-0.1527209,-0.1552742,0.972127,1,0.7555345,0.04884404,0.248642,0.01509601,0.04884404,0.248642,0.01509601,-0.2941889,-0.2489703,0.3679327,0.8462223,0.04884404,0.248642,0.01509601,0.02068057,0.2519172,0.03561722,-0.251328,-0.3790481,0.4031178,0.7941365,0.02068057,0.2519172,0.03561722,0.009600621,0.2499985,0.05113597,-0.1024774,-0.2908877,0.4645292,0.8301177,0.009600621,0.2499985,0.05113597,0.009602852,0.245037,0.06271885,0.1687136,-0.1092024,0.5326568,0.8221236,0.05500992,0.2573858,0.01936123,0.03184367,0.2632774,0.0634155,-0.02821447,-0.2443955,-0.1295904,0.9605629,0.03184367,0.2632774,0.0634155,0.02365737,0.2471631,0.07456867,0.434618,-0.2203163,-0.0007601604,0.873251,0.02365737,0.2471631,0.07456867,0.02566448,0.2368972,0.06606351,-0.8907511,0.148316,-0.1505641,-0.4023623,0.02566448,0.2368972,0.06606351,0.02969575,0.2359267,0.05613788,-0.9772136,0.08008936,-0.1942284,-0.03024213,0.06086388,0.2579076,0.02396444,0.04459378,0.2618475,0.06845048,-0.003272227,-0.1789577,-0.2140338,0.960288,0.04459378,0.2618475,0.06845048,0.03191253,0.2431486,0.07557843,0.520165,-0.2810585,-0.08095301,0.802422,0.03191253,0.2431486,0.07557843,0.03447192,0.2357302,0.05959046,-0.9346754,0.2742783,-0.1309811,-0.1843833,0.03447192,0.2357302,0.05959046,0.0397076,0.2382093,0.04932276,-0.9429294,0.2153067,-0.199626,0.1570878,0.0678889,0.2539034,0.02813725,0.05918848,0.2556033,0.06988171,0.006519316,-0.1042321,-0.2512659,0.9622675,0.05918848,0.2556033,0.06988171,0.04499979,0.2368365,0.07352595,0.5803038,-0.2944689,-0.1342791,0.7473317,0.04499979,0.2368365,0.07352595,0.04598952,0.2334515,0.05979797,-0.9280916,0.3506014,-0.07545505,-0.1001555,0.04598952,0.2334515,0.05979797,0.05037427,0.236168,0.05137744,-0.9116215,0.3087283,-0.1726439,0.2093494,0.07301737,0.2463005,0.02794313,0.07067876,0.2477614,0.06735093,-0.007643834,-0.03407474,-0.3311127,0.9429448,0.07067876,0.2477614,0.06735093,0.05914287,0.2356937,0.07046386,0.57445,-0.2799198,-0.2342421,0.7326546,0.05914287,0.2356937,0.07046386,0.05638967,0.2314412,0.05777598,-0.8974098,0.3987617,0.02941401,-0.1864927,0.05638967,0.2314412,0.05777598,0.05884551,0.2337886,0.04998726,-0.8983838,0.3888552,-0.07942427,0.1881221
right,0.04983671,0.2601314,0.04946052,-0.05840366,0.7237866,-0.476094,-0.3266131,-0.9361537,0.1301546,-0.2773489,0.2265733,0.9336713,-0.09182104,-0.1572681,-0.1532712,0.9712588,1,0.7437712,0.04868785,0.2545363,0.01094357,0.04868785,0.2545363,0.01094357,-0.300193,-0.250241,0.3695682,0.8430201,0.04868785,0.2545363,0.01094357,0.02033551,0.2581888,0.03137914,-0.2585247,-0.3773459,0.4047461,0.7918053,0.02033551,0.2581888,0.03137914,0.009228748,0.2565483,0.04695412,-0.1095903,-0.2870313,0.4657044,0.829893,0.009228748,0.2565483,0.04695412,0.009235037,0.2518135,0.05867493,0.1604659,-0.1031922,0.5320508,0.8249388,0.05480289,0.2633248,0.0151538,0.03128032,0.2696791,0.05900867,-0.03312232,-0.2486611,-0.1268472,0.9596772,0.03128032,0.2696791,0.05900867,0.02325129,0.2536821,0.0703069,0.4306748,-0.2182412,0.003374689,0.8757161,0.02325129,0.2536821,0.0703069,0.02545295,0.2434684,0.06181567,-0.8919762,0.1404262,-0.1547771,-0.4008777,0.02545295,0.2434684,0.06181567,0.02957379,0.2425087,0.05188702,-0.977246,0.07046203,-0.1976082,-0.03124678,0.06057555,0.2639333,0.01980095,0.04395789,0.2683596,0.06416087,-0.007969349,-0.1836915,-0.2115892,0.9599083,0.04395789,0.2683596,0.06416087,0.03148741,0.2496635,0.07139579,0.5184017,-0.2793529,-0.0758447,0.8046547,0.03148741,0.2496635,0.07139579,0.03422673,0.2422305,0.05541326,-0.9359621,0.2682648,-0.1347675,-0.1839744,0.03422673,0.2422305,0.05541326,0.03952987,0.2446824,0.0451656,-0.94395,0.2081402,-0.2039375,0.1550664,0.06755305,0.2600043,0.02406303,0.0585382,0.2621781,0.06576022,0.001836505,-0.1091828,-0.2492278,0.9622688,0.0585382,0.2621781,0.06576022,0.04449955,0.243397,0.06931193,0.5807313,-0.2964282,-0.1282216,0.7472889,0.04449955,0.243397,0.06931193,0.04558457,0.2400073,0.05557952,-0.9279451,0.3506078,-0.07863244,-0.09904026,0.04558457,0.2400073,0.05557952,0.05003777,0.2426775,0.04725374,-0.91092,0.3073762,-0.1783954,0.2095703,0.07270572,0.2524193,0.02399982,0.07007609,0.2543446,0.06340694,-0.0120247,-0.03945418,-0.3295697,0.9432299,0.07007609,0.2543446,0.06340694,0.0584225,0.2422981,0.06641728,0.5729569,-0.2886727,-0.2282319,0.7323241,0.0584225,0.2422981,0.06641728,0.05580935,0.2380055,0.053647,-0.8947365,0.4058535,0.02249356,-0.1849963,0.05580935,0.2380055,0.053647,0.05835738,0.2402996,0.04590891,-0.8957351,0.3934419,-0.08516398,0.1887037
right,0.04983671,0.2601314,0.04946052,-0.05840366,0.7237866,-0.476094,-0.3266131,-0.9361537,0.1301546,-0.2773489,0.2265733,0.9336713,-0.09182104,-0.1572681,-0.1532712,0.9712588,1,0.7437712,0.04868785,0.2545363,0.01094357,0.04868785,0.2545363,0.01094357,-0.300193,-0.250241,0.3695682,0.8430201,0.04868785,0.2545363,0.01094357,0.02033551,0.2581888,0.03137914,-0.2585247,-0.3773459,0.4047461,0.7918053,0.02033551,0.2581888,0.03137914,0.009228748,0.2565483,0.04695412,-0.1095903,-0.2870313,0.4657044,0.829893,0.009228748,0.2565483,0.04695412,0.009235037,0.2518135,0.05867493,0.1604659,-0.1031922,0.5320508,0.8249388,0.05480289,0.2633248,0.0151538,0.03128032,0.2696791,0.05900867,-0.03312232,-0.2486611,-0.1268472,0.9596772,0.03128032,0.2696791,0.05900867,0.02325129,0.2536821,0.0703069,0.4306748,-0.2182412,0.003374689,0.8757161,0.02325129,0.2536821,0.0703069,0.02545295,0.2434684,0.06181567,-0.8919762,0.1404262,-0.1547771,-0.4008777,0.02545295,0.2434684,0.06181567,0.02957379,0.2425087,0.05188702,-0.977246,0.07046203,-0.1976082,-0.03124678,0.06057555,0.2639333,0.01980095,0.04395789,0.2683596,0.06416087,-0.007969349,-0.1836915,-0.2115892,0.9599083,0.04395789,0.2683596,0.06416087,0.03148741,0.2496635,0.07139579,0.5184017,-0.2793529,-0.0758447,0.8046547,0.03148741,0.2496635,0.07139579,0.03422673,0.2422305,0.05541326,-0.9359621,0.2682648,-0.1347675,-0.1839744,0.03422673,0.2422305,0.05541326,0.03952987,0.2446824,0.0451656,-0.94395,0.2081402,-0.2039375,0.1550664,0.06755305,0.2600043,0.02406303,0.0585382,0.2621781,0.06576022,0.001836505,-0.1091828,-0.2492278,0.9622688,0.0585382,0.2621781,0.06576022,0.04449955,0.243397,0.06931193,0.5807313,-0.2964282,-0.1282216,0.7472889,0.04449955,0.243397,0.06931193,0.04558457,0.2400073,0.05557952,-0.9279451,0.3506078,-0.07863244,-0.09904026,0.04558457,0.2400073,0.05557952,0.05003777,0.2426775,0.04725374,-0.91092,0.3073762,-0.1783954,0.2095703,0.07270572,0.2524193,0.02399982,0.07007609,0.2543446,0.06340694,-0.0120247,-0.03945418,-0.3295697,0.9432299,0.07007609,0.2543446,0.06340694,0.0584225,0.2422981,0.06641728,0.5729569,-0.2886727,-0.2282319,0.7323241,0.0584225,0.2422981,0.06641728,0.05580935,0.2380055,0.053647,-0.8947365,0.4058535,0.02249356,-0.1849963,0.05580935,0.2380055,0.053647,0.05835738,0.2402996,0.04590891,-0.8957351,0.3934419,-0.08516398,0.1887037
right,0.04966993,0.2664839,0.0446975,-0.01926805,0.7338775,-0.5502561,-0.3309199,-0.9336269,0.1372329,-0.283088,0.2369456,0.9293643,-0.09644306,-0.1612967,-0.1545487,0.9699468,1,0.7351003,0.04881305,0.2605127,0.006198626,0.04881305,0.2605127,0.006198626,-0.306178,-0.2508125,0.3682429,0.841276,0.04881305,0.2605127,0.006198626,0.02030096,0.2644623,0.02646188,-0.264161,-0.3773592,0.4044251,0.7901008,0.02030096,0.2644623,0.02646188,0.009115745,0.2630798,0.04205616,-0.1162691,-0.2850233,0.4647262,0.8302246,0.009115745,0.2630798,0.04205616,0.009030253,0.2584654,0.05388344,0.1538322,-0.102671,0.5303226,0.8273767,0.05494219,0.2692925,0.01037475,0.03111193,0.2761782,0.05403803,-0.03794496,-0.2526197,-0.1274379,0.9583856,0.03111193,0.2761782,0.05403803,0.02313814,0.2602914,0.06541023,0.4279483,-0.2177229,0.004783498,0.877174,0.02313814,0.2602914,0.06541023,0.02541018,0.2500851,0.05690682,-0.8924202,0.1380426,-0.156342,-0.4001095,0.02541018,0.2500851,0.05690682,0.02960292,0.2490934,0.04697509,-0.9768362,0.06700853,-0.2005076,-0.03313078,0.06065236,0.2699575,0.01505446,0.04372286,0.2748939,0.05929151,-0.01237783,-0.1881235,-0.2124164,0.9588199,0.04372286,0.2748939,0.05929151,0.03136858,0.256148,0.06657211,0.5182443,-0.2778207,-0.07318941,0.805532,0.03136858,0.256148,0.06657211,0.03421565,0.248669,0.05058508,-0.9368927,0.2633317,-0.1369215,-0.1847728,0.03421565,0.248669,0.05058508,0.03957473,0.251091,0.04039297,-0.9446018,0.2019973,-0.2082474,0.1534845,0.06756194,0.2660454,0.01940412,0.05825288,0.2686734,0.06105255,-0.002317219,-0.1138315,-0.2503984,0.9614248,0.05825288,0.2686734,0.06105255,0.04421128,0.2499093,0.06458269,0.5797144,-0.2990946,-0.1253263,0.7475072,0.04421128,0.2499093,0.06458269,0.04540293,0.2464501,0.05084642,-0.9276593,0.3501474,-0.08288222,-0.09987798,0.04540293,0.2464501,0.05084642,0.04988713,0.2490523,0.0426539,-0.9106693,0.3052627,-0.1838848,0.2090034,0.07268579,0.2584406,0.01945079,0.06978311,0.260774,0.05885485,-0.01567357,-0.04441594,-0.3311038,0.9424181,0.06978311,0.260774,0.05885485,0.05801019,0.2487503,0.06181495,0.5714058,-0.2947408,-0.2253488,0.7320118,0.05801019,0.2487503,0.06181495,0.05548001,0.2444063,0.04894956,-0.8927949,0.4106408,0.01780851,-0.1843211,0.05548001,0.2444063,0.04894956,0.05814735,0.2466527,0.04124283,-0.8938023,0.395792,-0.09247742,0.1895098
right,0.04944181,0.2725935,0.0396613,-0.0263943,0.7068793,-0.582691,-0.3351749,-0.9315577,0.1409187,-0.2912638,0.2446961,0.9248185,-0.09953372,-0.1663845,-0.1559301,0.9685531,1,0.7269809,0.04898188,0.2663359,0.001186974,0.04898188,0.2663359,0.001186974,-0.3114463,-0.2530191,0.3663732,0.8394958,0.04898188,0.2663359,0.001186974,0.02026805,0.2705176,0.02123123,-0.2690407,-0.3787299,0.4034472,0.7882963,0.02026805,0.2705176,0.02123123,0.008937643,0.2693907,0.0367567,-0.1238595,-0.2854265,0.4627463,0.8300942,0.008937643,0.2693907,0.0367567,0.008691159,0.2649094,0.04867429,0.1455861,-0.1043312,0.5282952,0.8299541,0.05511265,0.2751238,0.00536092,0.03086651,0.282412,0.04877422,-0.04126734,-0.2576413,-0.1281826,0.956811,0.03086651,0.282412,0.04877422,0.02283741,0.266709,0.06004779,0.4259594,-0.2219623,0.006772402,0.8770664,0.02283741,0.266709,0.06004779,0.02519612,0.2565038,0.0514911,-0.8924464,0.1409487,-0.1604694,-0.3973946,0.02519612,0.2565038,0.0514911,0.02944824,0.2554557,0.04158491,-0.9759303,0.06975342,-0.2036372,-0.03501887,0.06073639,0.2758087,0.01008381,0.04338434,0.281129,0.05415225,-0.0151923,-0.1935025,-0.2132753,0.9575174,0.04338434,0.281129,0.05415225,0.03109366,0.2624302,0.06131684,0.5188205,-0.2799248,-0.06995285,0.8047198,0.03109366,0.2624302,0.06131684,0.03406424,0.2549141,0.04528126,-0.9365833,0.2632672,-0.1400581,-0.1840809,0.03406424,0.2549141,0.04528126,0.03947871,0.2572759,0.03520928,-0.9439499,0.2006322,-0.2132164,0.15246,0.06756334,0.271914,0.01452319,0.0578549,0.2748814,0.05609177,-0.004842495,-0.1193806,-0.2514868,0.9604578,0.0578549,0.2748814,0.05609177,0.04386958,0.256119,0.0595319,0.580185,-0.3011042,-0.1219351,0.7468959,0.04386958,0.256119,0.0595319,0.04517836,0.2526385,0.04575261,-0.927779,0.3492265,-0.08661562,-0.09881696,0.04517836,0.2526385,0.04575261,0.04969821,0.2552119,0.03763837,-0.9105083,0.3031869,-0.1878706,0.2091816,0.07265569,0.2643035,0.01466559,0.06937896,0.2669397,0.0540522,-0.01763121,-0.05015228,-0.3324817,0.9416102,0.06937896,0.2669397,0.0540522,0.05745904,0.2549677,0.05689155,0.5703663,-0.3030035,-0.2218879,0.7305045,0.05745904,0.2549677,0.05689155,0.05503482,0.2505952,0.04394312,-0.8899986,0.417541,0.01236893,-0.1827812,0.05503482,0.2505952,0.04394312,0.05784743,0.2527998,0.03625517,-0.8907663,0.3999292,-0.1004382,0.191061
right,0.04944181,0.2725935,0.0396613,-0.0263943,0.7068793,-0.582691,-0.3351749,-0.9315577,0.1409187,-0.2912638,0.2446961,0.9248185,-0.09953372,-0.1663845,-0.1559301,0.9685531,1,0.7269809,0.04898188,0.2663359,0.001186974,0.04898188,0.2663359,0.001186974,-0.3114463,-0.2530191,0.3663732,0.8394958,0.04898188,0.2663359,0.001186974,0.02026805,0.2705176,0.02123123,-0.2690407,-0.3787299,0.4034472,0.7882963,0.02026805,0.2705176,0.02123123,0.008937643,0.2693907,0.0367567,-0.1238595,-0.2854265,0.4627463,0.8300942,0.008937643,0.2693907,0.0367567,0.008691159,0.2649094,0.04867429,0.1455861,-0.1043312,0.5282952,0.8299541,0.05511265,0.2751238,0.00536092,0.03086651,0.282412,0.04877422,-0.04126734,-0.2576413,-0.1281826,0.956811,0.03086651,0.282412,0.04877422,0.02283741,0.266709,0.06004779,0.4259594,-0.2219623,0.006772402,0.8770664,0.02283741,0.266709,0.06004779,0.02519612,0.2565038,0.0514911,-0.8924464,0.1409487,-0.1604694,-0.3973946,0.02519612,0.2565038,0.0514911,0.02944824,0.2554557,0.04158491,-0.9759303,0.06975342,-0.2036372,-0.03501887,0.06073639,0.2758087,0.01008381,0.04338434,0.281129,0.05415225,-0.0151923,-0.1935025,-0.2132753,0.9575174,0.04338434,0.281129,0.05415225,0.03109366,0.2624302,0.06131684,0.5188205,-0.2799248,-0.06995285,0.8047198,0.03109366,0.2624302,0.06131684,0.03406424,0.2549141,0.04528126,-0.9365833,0.2632672,-0.1400581,-0.1840809,0.03406424,0.2549141,0.04528126,0.03947871,0.2572759,0.03520928,-0.9439499,0.2006322,-0.2132164,0.15246,0.06756334,0.271914,0.01452319,0.0578549,0.2748814,0.05609177,-0.004842495,-0.1193806,-0.2514868,0.9604578,0.0578549,0.2748814,0.05609177,0.04386958,0.256119,0.0595319,0.580185,-0.3011042,-0.1219351,0.7468959,0.04386958,0.256119,0.0595319,0.04517836,0.2526385,0.04575261,-0.927779,0.3492265,-0.08661562,-0.09881696,0.04517836,0.2526385,0.04575261,0.04969821,0.2552119,0.03763837,-0.9105083,0.3031869,-0.1878706,0.2091816,0.07265569,0.2643035,0.01466559,0.06937896,0.2669397,0.0540522,-0.01763121,-0.05015228,-0.3324817,0.9416102,0.06937896,0.2669397,0.0540522,0.05745904,0.2549677,0.05689155,0.5703663,-0.3030035,-0.2218879,0.7305045,0.05745904,0.2549677,0.05689155,0.05503482,0.2505952,0.04394312,-0.8899986,0.417541,0.01236893,-0.1827812,0.05503482,0.2505952,0.04394312,0.05784743,0.2527998,0.03625517,-0.8907663,0.3999292,-0.1004382,0.191061
right,0.04949912,0.2787599,0.03402669,0.006574532,0.7073289,-0.6463187,-0.3407848,-0.9274387,0.1540236,-0.2956032,0.2612244,0.9189018,-0.107377,-0.1703504,-0.157324,0.9667988,1,0.732333,0.04927253,0.2718632,-0.004407788,0.04927253,0.2718632,-0.004407788,-0.32004,-0.2517902,0.3653455,0.8370775,0.04927253,0.2718632,-0.004407788,0.02038821,0.2763227,0.01539998,-0.2756338,-0.3788313,0.4046882,0.7853281,0.02038821,0.2763227,0.01539998,0.008960498,0.2753846,0.030904,-0.1301277,-0.2847126,0.4641428,0.8285994,0.008960498,0.2753846,0.030904,0.00871024,0.2709533,0.04289685,0.1429799,-0.1031478,0.5299684,0.8294882,0.05543607,0.2806911,-0.000284023,0.03093833,0.2888178,0.04290221,-0.04933308,-0.261489,-0.1286258,0.9553246,0.03093833,0.2888178,0.04290221,0.02276148,0.273435,0.05423743,0.4189165,-0.2276372,0.008071822,0.878991,0.02276148,0.273435,0.05423743,0.02515204,0.2631263,0.04570917,-0.8901235,0.1463801,-0.1644215,-0.3990221,0.02515204,0.2631263,0.04570917,0.02950663,0.261905,0.03581078,-0.974288,0.07443644,-0.2085331,-0.04166444,0.06101066,0.2814429,0.004449133,0.04340027,0.2875758,0.0483656,-0.02284293,-0.1981152,-0.2141605,0.9562237,0.04340027,0.2875758,0.0483656,0.03095278,0.2691019,0.05563204,0.5127644,-0.2863815,-0.06755655,0.8065323,0.03095278,0.2691019,0.05563204,0.03402636,0.2613224,0.03962464,-0.9335009,0.2678072,-0.1453717,-0.1890038,0.03402636,0.2613224,0.03962464,0.03954136,0.2634866,0.02956519,-0.943083,0.2035402,-0.2190413,0.1455565,0.06777464,0.2775857,0.008986465,0.05781908,0.2812842,0.05048608,-0.01221322,-0.1243432,-0.252951,0.9593776,0.05781908,0.2812842,0.05048608,0.04381878,0.262671,0.05394913,0.5769049,-0.3060155,-0.1185476,0.7479851,0.04381878,0.262671,0.05394913,0.04520691,0.2590192,0.04016154,-0.9259914,0.3515694,-0.09137406,-0.1029058,0.04520691,0.2590192,0.04016154,0.04977653,0.2614557,0.032122,-0.9100024,0.3037082,-0.1941972,0.2048035,0.07281683,0.2699475,0.009273263,0.06931134,0.2732466,0.04863379,-0.02442531,-0.05568863,-0.3344986,0.9404323,0.06931134,0.2732466,0.04863379,0.05736755,0.2614262,0.0515357,0.5652868,-0.3088119,-0.2191658,0.7328386,0.05736755,0.2614262,0.0515357,0.05496895,0.2569299,0.0385196,-0.8867797,0.4233318,0.008284744,-0.1853195,0.05496895,0.2569299,0.0385196,0.05783402,0.2590413,0.03085247,-0.8889198,0.4041575,-0.1050563,0.1882592
right,0.04949912,0.2787599,0.03402669,0.006574532,0.7073289,-0.6463187,-0.3407848,-0.9274387,0.1540236,-0.2956032,0.2612244,0.9189018,-0.107377,-0.1703504,-0.157324,0.9667988,1,0.732333,0.04927253,0.2718632,-0.004407788,0.04927253,0.2718632,-0.004407788,-0.32004,-0.2517902,0.3653455,0.8370775,0.04927253,0.2718632,-0.004407788,0.02038821,0.2763227,0.01539998,-0.2756338,-0.3788313,0.4046882,0.7853281,0.02038821,0.2763227,0.01539998,0.008960498,0.2753846,0.030904,-0.1301277,-0.2847126,0.4641428,0.8285994,0.008960498,0.2753846,0.030904,0.00871024,0.2709533,0.04289685,0.1429799,-0.1031478,0.5299684,0.8294882,0.05543607,0.2806911,-0.000284023,0.03093833,0.2888178,0.04290221,-0.04933308,-0.261489,-0.1286258,0.9553246,0.03093833,0.2888178,0.04290221,0.02276148,0.273435,0.05423743,0.4189165,-0.2276372,0.008071822,0.878991,0.02276148,0.273435,0.05423743,0.02515204,0.2631263,0.04570917,-0.8901235,0.1463801,-0.1644215,-0.3990221,0.02515204,0.2631263,0.04570917,0.02950663,0.261905,0.03581078,-0.974288,0.07443644,-0.2085331,-0.04166444,0.06101066,0.2814429,0.004449133,0.04340027,0.2875758,0.0483656,-0.02284293,-0.1981152,-0.2141605,0.9562237,0.04340027,0.2875758,0.0483656,0.03095278,0.2691019,0.05563204,0.5127644,-0.2863815,-0.06755655,0.8065323,0.03095278,0.2691019,0.05563204,0.03402636,0.2613224,0.03962464,-0.9335009,0.2678072,-0.1453717,-0.1890038,0.03402636,0.2613224,0.03962464,0.03954136,0.2634866,0.02956519,-0.943083,0.2035402,-0.2190413,0.1455565,0.06777464,0.2775857,0.008986465,0.05781908,0.2812842,0.05048608,-0.01221322,-0.1243432,-0.252951,0.9593776,0.05781908,0.2812842,0.05048608,0.04381878,0.262671,0.05394913,0.5769049,-0.3060155,-0.1185476,0.7479851,0.04381878,0.262671,0.05394913,0.04520691,0.2590192,0.04016154,-0.9259914,0.3515694,-0.09137406,-0.1029058,0.04520691,0.2590192,0.04016154,0.04977653,0.2614557,0.032122,-0.9100024,0.3037082,-0.1941972,0.2048035,0.07281683,0.2699475,0.009273263,0.06931134,0.2732466,0.04863379,-0.02442531,-0.05568863,-0.3344986,0.9404323,0.06931134,0.2732466,0.04863379,0.05736755,0.2614262,0.0515357,0.5652868,-0.3088119,-0.2191658,0.7328386,0.05736755,0.2614262,0.0515357,0.05496895,0.2569299,0.0385196,-0.8867797,0.4233318,0.008284744,-0.1853195,0.05496895,0.2569299,0.0385196,0.05783402,0.2590413,0.03085247,-0.8889198,0.4041575,-0.1050563,0.1882592
right,0.04956483,0.284458,0.02796522,0.007391247,0.6409473,-0.6818303,-0.3435141,-0.9245023,0.1652075,-0.3033541,0.2757108,0.9121183,-0.1142195,-0.175769,-0.1571711,0.9650681,1,0.7420505,0.04972041,0.2769772,-0.01039283,0.04972041,0.2769772,-0.01039283,-0.3282565,-0.252465,0.3652506,0.8337272,0.04972041,0.2769772,-0.01039283,0.02060748,0.281639,0.009144961,-0.281944,-0.3798871,0.4065992,0.7815821,0.02060748,0.281639,0.009144961,0.009080456,0.2809086,0.02459559,-0.1371947,-0.2840906,0.4658696,0.8267016,0.009080456,0.2809086,0.02459559,0.008827753,0.2765803,0.0366446,0.1390007,-0.1010477,0.531831,0.829231,0.05587482,0.2858399,-0.006336871,0.03098504,0.29467,0.03653793,-0.05628171,-0.2666737,-0.1275082,0.9536557,0.03098504,0.29467,0.03653793,0.02267138,0.2796879,0.04795889,0.4098529,-0.2338814,0.01053808,0.8815946,0.02267138,0.2796879,0.04795889,0.02509545,0.2693022,0.03954842,-0.8868746,0.1518836,-0.1694776,-0.4020724,0.02509545,0.2693022,0.03954842,0.02953084,0.2678814,0.02968925,-0.9725187,0.07938075,-0.2131813,-0.04959601,0.06136811,0.2866611,-0.001566031,0.04336206,0.293498,0.04213147,-0.0293748,-0.2039821,-0.2134093,0.954979,0.04336206,0.293498,0.04213147,0.03088059,0.2752586,0.04948333,0.5070991,-0.2916001,-0.06340805,0.8085786,0.03088059,0.2752586,0.04948333,0.03408664,0.2672855,0.03354714,-0.9310896,0.2704879,-0.151042,-0.1925998,0.03408664,0.2672855,0.03354714,0.03965821,0.2692578,0.02351816,-0.9427034,0.2051125,-0.22371,0.1385392,0.06805655,0.2828779,0.003088023,0.05772964,0.2872308,0.04447245,-0.01854523,-0.1305324,-0.2527198,0.9585145,0.05772964,0.2872308,0.04447245,0.04376284,0.2687511,0.04803711,0.5724724,-0.3102046,-0.1138828,0.750386,0.04376284,0.2687511,0.04803711,0.04524575,0.26493,0.03428013,-0.9244852,0.3528611,-0.09673069,-0.1070482,0.04524575,0.26493,0.03428013,0.04985153,0.2672315,0.02630325,-0.9100078,0.3032745,-0.1999458,0.1998304,0.07307693,0.2752516,0.00354003,0.06922394,0.2791632,0.04284735,-0.03020059,-0.06241406,-0.3348322,0.9397233,0.06922394,0.2791632,0.04284735,0.05723121,0.2674172,0.04576189,0.5612668,-0.3153542,-0.2143224,0.7345728,0.05723121,0.2674172,0.04576189,0.05492892,0.2628056,0.03273098,-0.8840832,0.4281895,0.002248072,-0.1872048,0.05492892,0.2628056,0.03273098,0.05787184,0.2648431,0.02508175,-0.8873492,0.4067937,-0.1107549,0.1867181
right,0.04992352,0.2902837,0.02151733,0.04268106,0.6932065,-0.7672412,-0.3531046,-0.9178051,0.1815241,-0.3076383,0.2971345,0.9039191,-0.1243327,-0.1805044,-0.1601214,0.9624556,1,0.7643205,0.05034008,0.2820092,-0.01670989,0.05034008,0.2820092,-0.01670989,-0.3393217,-0.2503644,0.3628345,0.8309811,0.05034008,0.2820092,-0.01670989,0.02100042,0.2864994,0.002332543,-0.2856491,-0.3852416,0.4099958,0.7758202,0.02100042,0.2864994,0.002332543,0.009311204,0.2857901,0.01760925,-0.1422111,-0.288019,0.4699276,0.8221855,0.009311204,0.2857901,0.01760925,0.009142966,0.2816523,0.02964958,0.1345827,-0.0952516,0.5366198,0.8275589,0.05654116,0.2908897,-0.01276601,0.03138308,0.3008344,0.02977799,-0.06680218,-0.271315,-0.1292556,0.9514298,0.03138308,0.3008344,0.02977799,0.02276199,0.2863097,0.04121143,0.4000119,-0.2443562,0.01123153,0.8832635,0.02276199,0.2863097,0.04121143,0.02516874,0.2757339,0.03294272,-0.8812959,0.1626442,-0.1753364,-0.4075801,0.02516874,0.2757339,0.03294272,0.0297327,0.2739988,0.02313878,-0.9693436,0.08909956,-0.2205889,-0.06143954,0.06198192,0.2917829,-0.007986356,0.04369113,0.2996881,0.0354748,-0.03930457,-0.2096371,-0.2156997,0.9528804,0.04369113,0.2996881,0.0354748,0.03096016,0.2817908,0.04299679,0.497944,-0.3000833,-0.06172121,0.8112905,0.03096016,0.2817908,0.04299679,0.03423,0.2733842,0.02718068,-0.926164,0.2766772,-0.157371,-0.2022484,0.03423,0.2733842,0.02718068,0.03994583,0.2750297,0.0171862,-0.9413146,0.2087924,-0.232917,0.126816,0.06858722,0.2880308,-0.003217471,0.057979,0.2933336,0.03803822,-0.02803354,-0.1366589,-0.2557378,0.9566277,0.057979,0.2933336,0.03803822,0.0439074,0.2750879,0.04182864,0.5648343,-0.3159141,-0.1116533,0.7541181,0.0439074,0.2750879,0.04182864,0.04549003,0.2709858,0.02816639,-0.922209,0.3542456,-0.1039701,-0.1150257,0.04549003,0.2709858,0.02816639,0.05018462,0.2730637,0.0202029,-0.9104349,0.3022404,-0.2090843,0.1898493,0.07353006,0.2803664,-0.002596081,0.06941462,0.2851268,0.03663914,-0.03887856,-0.06926641,-0.3385045,0.9376062,0.06941462,0.2851268,0.03663914,0.05723763,0.273637,0.039609,0.5527027,-0.3273963,-0.2115298,0.7366048,0.05723763,0.273637,0.039609,0.05492808,0.2688785,0.02662159,-0.8763322,0.4417138,-0.002885788,-0.1921521,0.05492808,0.2688785,0.02662159,0.05791494,0.270753,0.01899889,-0.882275,0.4187905,-0.1154828,0.181298
right,0.04992352,0.2902837,0.02151733,0.04268106,0.6932065,-0.7672412,-0.3531046,-0.9178051,0.1815241,-0.3076383,0.2971345,0.9039191,-0.1243327,-0.1805044,-0.1601214,0.9624556,1,0.7643205,0.05034008,0.2820092,-0.01670989,0.05034008,0.2820092,-0.01670989,-0.3393217,-0.2503644,0.3628345,0.8309811,0.05034008,0.2820092,-0.01670989,0.02100042,0.2864994,0.002332543,-0.2856491,-0.3852416,0.4099958,0.7758202,0.02100042,0.2864994,0.002332543,0.009311204,0.2857901,0.01760925,-0.1422111,-0.288019,0.4699276,0.8221855,0.009311204,0.2857901,0.01760925,0.009142966,0.2816523,0.02964958,0.1345827,-0.0952516,0.5366198,0.8275589,0.05654116,0.2908897,-0.01276601,0.03138308,0.3008344,0.02977799,-0.06680218,-0.271315,-0.1292556,0.9514298,0.03138308,0.3008344,0.02977799,0.02276199,0.2863097,0.04121143,0.4000119,-0.2443562,0.01123153,0.8832635,0.02276199,0.2863097,0.04121143,0.02516874,0.2757339,0.03294272,-0.8812959,0.1626442,-0.1753364,-0.4075801,0.02516874,0.2757339,0.03294272,0.0297327,0.2739988,0.02313878,-0.9693436,0.08909956,-0.2205889,-0.06143954,0.06198192,0.2917829,-0.007986356,0.04369113,0.2996881,0.0354748,-0.03930457,-0.2096371,-0.2156997,0.9528804,0.04369113,0.2996881,0.0354748,0.03096016,0.2817908,0.04299679,0.497944,-0.3000833,-0.06172121,0.8112905,0.03096016,0.2817908,0.04299679,0.03423,0.2733842,0.02718068,-0.926164,0.2766772,-0.157371,-0.2022484,0.03423,0.2733842,0.02718068,0.03994583,0.2750297,0.0171862,-0.9413146,0.2087924,-0.232917,0.126816,0.06858722,0.2880308,-0.003217471,0.057979,0.2933336,0.03803822,-0.02803354,-0.1366589,-0.2557378,0.9566277,0.057979,0.2933336,0.03803822,0.0439074,0.2750879,0.04182864,0.5648343,-0.3159141,-0.1116533,0.7541181,0.0439074,0.2750879,0.04182864,0.04549003,0.2709858,0.02816639,-0.922209,0.3542456,-0.1039701,-0.1150257,0.04549003,0.2709858,0.02816639,0.05018462,0.2730637,0.0202029,-0.9104349,0.3022404,-0.2090843,0.1898493,0.07353006,0.2803664,-0.002596081,0.06941462,0.2851268,0.03663914,-0.03887856,-0.06926641,-0.3385045,0.9376062,0.06941462,0.2851268,0.03663914,0.05723763,0.273637,0.039609,0.5527027,-0.3273963,-0.2115298,0.7366048,0.05723763,0.273637,0.039609,0.05492808,0.2688785,0.02662159,-0.8763322,0.4417138,-0.002885788,-0.1921521,0.05492808,0.2688785,0.02662159,0.05791494,0.270753,0.01899889,-0.882275,0.4187905,-0.1154828,0.181298
right,0.05026866,0.2957897,0.01485264,0.03943947,0.6291946,-0.7615908,-0.3618673,-0.9129683,0.1885231,-0.3164104,0.310508,0.8963645,-0.1299591,-0.1868914,-0.1631762,0.959977,1,0.7839283,0.05116485,0.2870377,-0.02327374,0.05116485,0.2870377,-0.02327374,-0.3475491,-0.2519452,0.3593515,0.8286132,0.05116485,0.2870377,-0.02327374,0.02141096,0.291253,-0.004803197,-0.288151,-0.3938914,0.4114295,0.769769,0.02141096,0.291253,-0.004803197,0.009561078,0.2903524,0.01037007,-0.1418197,-0.293687,0.4743987,0.817668,0.009561078,0.2903524,0.01037007,0.009455622,0.2861406,0.02243537,0.137175,-0.09557965,0.5432126,0.8227804,0.05738052,0.2959066,-0.01936562,0.03175502,0.3065675,0.02278618,-0.07287349,-0.2776446,-0.1313606,0.9488664,0.03175502,0.3065675,0.02278618,0.02288851,0.2923436,0.0341755,0.393642,-0.2530412,0.01228166,0.8836659,0.02288851,0.2923436,0.0341755,0.02532767,0.2816685,0.02599451,-0.8776475,0.1702708,-0.1811636,-0.4097835,0.02532767,0.2816685,0.02599451,0.03001092,0.2797745,0.0162767,-0.9667475,0.09505911,-0.2277457,-0.06704405,0.06271916,0.2968332,-0.01453845,0.0439416,0.3054156,0.02864033,-0.04464157,-0.2166115,-0.2180211,0.9505543,0.0439416,0.3054156,0.02864033,0.03105706,0.2876649,0.03610477,0.494653,-0.3069743,-0.05886074,0.8109381,0.03105706,0.2876649,0.03610477,0.03455212,0.2791238,0.02041531,-0.9239466,0.2780226,-0.1653459,-0.2041739,0.03455212,0.2791238,0.02041531,0.04038519,0.2806186,0.01052657,-0.9401413,0.2078203,-0.2409915,0.1219354,0.0692009,0.2930999,-0.009653814,0.05812109,0.2989959,0.03144347,-0.03289139,-0.1439474,-0.2584544,0.954672,0.05812109,0.2989959,0.03144347,0.04391773,0.2809047,0.03528087,0.5601149,-0.3224733,-0.1089038,0.755263,0.04391773,0.2809047,0.03528087,0.04564459,0.2766647,0.02164283,-0.9199018,0.3574724,-0.1107693,-0.1171503,0.04564459,0.2766647,0.02164283,0.05044248,0.2786228,0.01376142,-0.9088389,0.3029771,-0.2175859,0.1867435,0.07407315,0.2854204,-0.008893711,0.06951279,0.2907026,0.03026723,-0.0428756,-0.07691646,-0.3416332,0.9356988,0.06951279,0.2907026,0.03026723,0.05721814,0.2793805,0.03316429,0.5486417,-0.3370436,-0.2082585,0.7362216,0.05721814,0.2793805,0.03316429,0.05502012,0.2745453,0.02014816,-0.8720695,0.4499282,-0.009554281,-0.1922708,0.05502012,0.2745453,0.02014816,0.05810407,0.276319,0.01259823,-0.8788021,0.4242732,-0.1231539,0.1803668
right,0.05026866,0.2957897,0.01485264,0.03943947,0.6291946,-0.7615908,-0.3618673,-0.9129683,0.1885231,-0.3164104,0.310508,0.8963645,-0.1299591,-0.1868914,-0.1631762,0.959977,1,0.7839283,0.05116485,0.2870377,-0.02327374,0.05116485,0.2870377,-0.02327374,-0.3475491,-0.2519452,0.3593515,0.8286132,0.05116485,0.2870377,-0.02327374,0.02141096,0.291253,-0.004803197,-0.288151,-0.3938914,0.4114295,0.769769,0.02141096,0.291253,-0.004803197,0.009561078,0.2903524,0.01037007,-0.1418197,-0.293687,0.4743987,0.817668,0.009561078,0.2903524,0.01037007,0.009455622,0.2861406,0.02243537,0.137175,-0.09557965,0.5432126,0.8227804,0.05738052,0.2959066,-0.01936562,0.03175502,0.3065675,0.02278618,-0.07287349,-0.2776446,-0.1313606,0.9488664,0.03175502,0.3065675,0.02278618,0.02288851,0.2923436,0.0341755,0.393642,-0.2530412,0.01228166,0.8836659,0.02288851,0.2923436,0.0341755,0.02532767,0.2816685,0.02599451,-0.8776475,0.1702708,-0.1811636,-0.4097835,0.02532767,0.2816685,0.02599451,0.03001092,0.2797745,0.0162767,-0.9667475,0.09505911,-0.2277457,-0.06704405,0.06271916,0.2968332,-0.01453845,0.0439416,0.3054156,0.02864033,-0.04464157,-0.2166115,-0.2180211,0.9505543,0.0439416,0.3054156,0.02864033,0.03105706,0.2876649,0.03610477,0.494653,-0.3069743,-0.05886074,0.8109381,0.03105706,0.2876649,0.03610477,0.03455212,0.2791238,0.02041531,-0.9239466,0.2780226,-0.1653459,-0.2041739,0.03455212,0.2791238,0.02041531,0.04038519,0.2806186,0.01052657,-0.9401413,0.2078203,-0.2409915,0.1219354,0.0692009,0.2930999,-0.009653814,0.05812109,0.2989959,0.03144347,-0.03289139,-0.1439474,-0.2584544,0.954672,0.05812109,0.2989959,0.03144347,0.04391773,0.2809047,0.03528087,0.5601149,-0.3224733,-0.1089038,0.755263,0.04391773,0.2809047,0.03528087,0.04564459,0.2766647,0.02164283,-0.9199018,0.3574724,-0.1107693,-0.1171503,0.04564459,0.2766647,0.02164283,0.05044248,0.2786228,0.01376142,-0.9088389,0.3029771,-0.2175859,0.1867435,0.07407315,0.2854204,-0.008893711,0.06951279,0.2907026,0.03026723,-0.0428756,-0.07691646,-0.3416332,0.9356988,0.06951279,0.2907026,0.03026723,0.05721814,0.2793805,0.03316429,0.5486417,-0.3370436,-0.2082585,0.7362216,0.05721814,0.2793805,0.03316429,0.05502012,0.2745453,0.02014816,-0.8720695,0.4499282,-0.009554281,-0.1922708,0.05502012,0.2745453,0.02014816,0.05810407,0.276319,0.01259823,-0.8788021,0.4242732,-0.1231539,0.1803668
right,0.05060227,0.3008103,0.007818581,0.0389963,0.5868632,-0.8222167,-0.3656044,-0.9090392,0.1999528,-0.32447,0.3258246,0.8880076,-0.1372374,-0.1927746,-0.1632369,0.9577879,1,0.7662517,0.05187991,0.2914519,-0.03018908,0.05187991,0.2914519,-0.03018908,-0.3563517,-0.2526695,0.358873,0.8248526,0.05187991,0.2914519,-0.03018908,0.02189461,0.2963257,-0.01210453,-0.300404,-0.3924224,0.4108424,0.76614,0.02189461,0.2963257,-0.01210453,0.009960265,0.2959413,0.003080378,-0.1544085,-0.2883033,0.4727466,0.8182603,0.009960265,0.2959413,0.003080378,0.009769888,0.2920977,0.01529493,0.1231769,-0.08908742,0.5388973,0.8285412,0.05810191,0.3003276,-0.0263618,0.03208009,0.3117343,0.01537212,-0.08031004,-0.2832656,-0.1303871,0.9467366,0.03208009,0.3117343,0.01537212,0.02324888,0.2975227,0.02680453,0.3917038,-0.253953,0.01696829,0.8841878,0.02324888,0.2975227,0.02680453,0.02578206,0.2868122,0.01866725,-0.8767247,0.1691325,-0.1847623,-0.4106226,0.02578206,0.2868122,0.01866725,0.03056288,0.2849207,0.008967997,-0.9660826,0.09195569,-0.231785,-0.06711352,0.06336188,0.3013346,-0.02147425,0.04417581,0.310666,0.02138793,-0.05160894,-0.2229845,-0.2174093,0.9488665,0.04417581,0.310666,0.02138793,0.03119841,0.2929669,0.02889285,0.4906782,-0.3121761,-0.05369765,0.8117251,0.03119841,0.2929669,0.02889285,0.03483556,0.2842419,0.01329923,-0.9214692,0.2801216,-0.171322,-0.2075455,0.03483556,0.2842419,0.01329923,0.04077425,0.285624,0.003497727,-0.9388672,0.2075633,-0.2477782,0.1185401,0.06976969,0.2976839,-0.0164426,0.05829845,0.304279,0.02445708,-0.03962247,-0.1506881,-0.2583849,0.9533941,0.05829845,0.304279,0.02445708,0.04413668,0.2862147,0.02831258,0.5575643,-0.3260342,-0.1033225,0.7564049,0.04413668,0.2862147,0.02831258,0.04599102,0.2818595,0.01468413,-0.9189407,0.3575876,-0.1162482,-0.1190186,0.04599102,0.2818595,0.01468413,0.05082805,0.2837371,0.006897125,-0.9084801,0.3012545,-0.2233213,0.1844918,0.07462409,0.2900278,-0.01548707,0.06969192,0.2959644,0.02354973,-0.04897681,-0.08424136,-0.3421404,0.9345826,0.06969192,0.2959644,0.02354973,0.05732824,0.2847305,0.02635716,0.5454279,-0.3458925,-0.2022203,0.7361887,0.05732824,0.2847305,0.02635716,0.05524277,0.2797619,0.01325921,-0.868366,0.4564412,-0.01676104,-0.1931864,0.05524277,0.2797619,0.01325921,0.05838927,0.2814266,0.005749906,-0.8764575,0.4285185,-0.1292323,0.1774632
right,0.05132826,0.3054241,9.520974E-05,0.08336043,0.5297668,-0.8868263,-0.3740465,-0.9043858,0.2053668,-0.3305053,0.3368934,0.8816287,-0.1418668,-0.1976347,-0.1663758,0.9555802,1,0.7298335,0.05293834,0.2956962,-0.03784284,0.05293834,0.2956962,-0.03784284,-0.3630179,-0.253537,0.355449,0.8231604,0.05293834,0.2956962,-0.03784284,0.02270695,0.3008221,-0.0199887,-0.305546,-0.3937617,0.4095023,0.7641343,0.02270695,0.3008221,-0.0199887,0.01050116,0.3004998,-0.004860302,-0.1591555,-0.2925496,0.4723116,0.8160919,0.01050116,0.3004998,-0.004860302,0.009728223,0.296686,0.007434668,0.1088428,-0.1070475,0.5392204,0.8282122,0.05921707,0.3045263,-0.03404398,0.03285651,0.316543,0.007369026,-0.08536793,-0.2881132,-0.1327709,0.9444972,0.03285651,0.316543,0.007369026,0.02407728,0.3022515,0.01874257,0.3937694,-0.2536311,0.01886972,0.8833238,0.02407728,0.3022515,0.01874257,0.02680553,0.2915924,0.01054271,-0.8788075,0.1627235,-0.1884907,-0.40705,0.02680553,0.2915924,0.01054271,0.03168913,0.2898017,0.0008454565,-0.9662369,0.08367427,-0.2351787,-0.06384178,0.06440585,0.3055483,-0.02912076,0.04486199,0.3154499,0.01350731,-0.05604778,-0.2283757,-0.2199586,0.9467425,0.04486199,0.3154499,0.01350731,0.03152797,0.2979314,0.02107614,0.4841332,-0.3210264,-0.05292374,0.8122538,0.03152797,0.2979314,0.02107614,0.03519642,0.2891099,0.005563955,-0.9172232,0.2905756,-0.1757489,-0.2082779,0.03519642,0.2891099,0.005563955,0.04131108,0.290369,-0.004142764,-0.9349306,0.2154918,-0.2562847,0.1174148,0.07070722,0.3019188,-0.02396968,0.05888455,0.309007,0.01679463,-0.04362939,-0.1563479,-0.2612483,0.9515257,0.05888455,0.309007,0.01679463,0.04467409,0.2911283,0.020805,0.5524385,-0.3291436,-0.1025041,0.7589263,0.04467409,0.2911283,0.020805,0.04660565,0.2867167,0.00723765,-0.9175921,0.359471,-0.1200914,-0.1199308,0.04660565,0.2867167,0.00723765,0.05148526,0.2884953,-0.0004225648,-0.9071754,0.301463,-0.2300005,0.182353,0.0754855,0.294268,-0.02286878,0.0702212,0.3006319,0.01609983,-0.0522538,-0.09019254,-0.3453054,0.9326838,0.0702212,0.3006319,0.01609983,0.05776681,0.2894784,0.01886052,0.5429852,-0.35172,-0.2001956,0.7357866,0.05776681,0.2894784,0.01886052,0.05573319,0.2844865,0.005711923,-0.8653188,0.4624475,-0.02005808,-0.1922587,0.05573319,0.2844865,0.005711923,0.05891404,0.2861111,-0.00176222,-0.8736136,0.4335136,-0.1316512,0.1775758
right,0.05132826,0.3054241,9.520974E-05,0.08336043,0.5297668,-0.8868263,-0.3740465,-0.9043858,0.2053668,-0.3305053,0.3368934,0.8816287,-0.1418668,-0.1976347,-0.1663758,0.9555802,1,0.7298335,0.05293834,0.2956962,-0.03784284,0.05293834,0.2956962,-0.03784284,-0.3630179,-0.253537,0.355449,0.8231604,0.05293834,0.2956962,-0.03784284,0.02270695,0.3008221,-0.0199887,-0.305546,-0.3937617,0.4095023,0.7641343,0.02270695,0.3008221,-0.0199887,0.01050116,0.3004998,-0.004860302,-0.1591555,-0.2925496,0.4723116,0.8160919,0.01050116,0.3004998,-0.004860302,0.009728223,0.296686,0.007434668,0.1088428,-0.1070475,0.5392204,0.8282122,0.05921707,0.3045263,-0.03404398,0.03285651,0.316543,0.007369026,-0.08536793,-0.2881132,-0.1327709,0.9444972,0.03285651,0.316543,0.007369026,0.02407728,0.3022515,0.01874257,0.3937694,-0.2536311,0.01886972,0.8833238,0.02407728,0.3022515,0.01874257,0.02680553,0.2915924,0.01054271,-0.8788075,0.1627235,-0.1884907,-0.40705,0.02680553,0.2915924,0.01054271,0.03168913,0.2898017,0.0008454565,-0.9662369,0.08367427,-0.2351787,-0.06384178,0.06440585,0.3055483,-0.02912076,0.04486199,0.3154499,0.01350731,-0.05604778,-0.2283757,-0.2199586,0.9467425,0.04486199,0.3154499,0.01350731,0.03152797,0.2979314,0.02107614,0.4841332,-0.3210264,-0.05292374,0.8122538,0.03152797,0.2979314,0.02107614,0.03519642,0.2891099,0.005563955,-0.9172232,0.2905756,-0.1757489,-0.2082779,0.03519642,0.2891099,0.005563955,0.04131108,0.290369,-0.004142764,-0.9349306,0.2154918,-0.2562847,0.1174148,0.07070722,0.3019188,-0.02396968,0.05888455,0.309007,0.01679463,-0.04362939,-0.1563479,-0.2612483,0.9515257,0.05888455,0.309007,0.01679463,0.04467409,0.2911283,0.020805,0.5524385,-0.3291436,-0.1025041,0.7589263,0.04467409,0.2911283,0.020805,0.04660565,0.2867167,0.00723765,-0.9175921,0.359471,-0.1200914,-0.1199308,0.04660565,0.2867167,0.00723765,0.05148526,0.2884953,-0.0004225648,-0.9071754,0.301463,-0.2300005,0.182353,0.0754855,0.294268,-0.02286878,0.0702212,0.3006319,0.01609983,-0.0522538,-0.09019254,-0.3453054,0.9326838,0.0702212,0.3006319,0.01609983,0.05776681,0.2894784,0.01886052,0.5429852,-0.35172,-0.2001956,0.7357866,0.05776681,0.2894784,0.01886052,0.05573319,0.2844865,0.005711923,-0.8653188,0.4624475,-0.02005808,-0.1922587,0.05573319,0.2844865,0.005711923,0.05891404,0.2861111,-0.00176222,-0.8736136,0.4335136,-0.1316512,0.1775758
right,0.05132826,0.3054241,9.520974E-05,0.08336043,0.5297668,-0.8868263,-0.3740465,-0.9043858,0.2053668,-0.3305053,0.3368934,0.8816287,-0.1418668,-0.1976347,-0.1663758,0.9555802,1,0.7298335,0.05293834,0.2956962,-0.03784284,0.05293834,0.2956962,-0.03784284,-0.3630179,-0.253537,0.355449,0.8231604,0.05293834,0.2956962,-0.03784284,0.02270695,0.3008221,-0.0199887,-0.305546,-0.3937617,0.4095023,0.7641343,0.02270695,0.3008221,-0.0199887,0.01050116,0.3004998,-0.004860302,-0.1591555,-0.2925496,0.4723116,0.8160919,0.01050116,0.3004998,-0.004860302,0.009728223,0.296686,0.007434668,0.1088428,-0.1070475,0.5392204,0.8282122,0.05921707,0.3045263,-0.03404398,0.03285651,0.316543,0.007369026,-0.08536793,-0.2881132,-0.1327709,0.9444972,0.03285651,0.316543,0.007369026,0.02407728,0.3022515,0.01874257,0.3937694,-0.2536311,0.01886972,0.8833238,0.02407728,0.3022515,0.01874257,0.02680553,0.2915924,0.01054271,-0.8788075,0.1627235,-0.1884907,-0.40705,0.02680553,0.2915924,0.01054271,0.03168913,0.2898017,0.0008454565,-0.9662369,0.08367427,-0.2351787,-0.06384178,0.06440585,0.3055483,-0.02912076,0.04486199,0.3154499,0.01350731,-0.05604778,-0.2283757,-0.2199586,0.9467425,0.04486199,0.3154499,0.01350731,0.03152797,0.2979314,0.02107614,0.4841332,-0.3210264,-0.05292374,0.8122538,0.03152797,0.2979314,0.02107614,0.03519642,0.2891099,0.005563955,-0.9172232,0.2905756,-0.1757489,-0.2082779,0.03519642,0.2891099,0.005563955,0.04131108,0.290369,-0.004142764,-0.9349306,0.2154918,-0.2562847,0.1174148,0.07070722,0.3019188,-0.02396968,0.05888455,0.309007,0.01679463,-0.04362939,-0.1563479,-0.2612483,0.9515257,0.05888455,0.309007,0.01679463,0.04467409,0.2911283,0.020805,0.5524385,-0.3291436,-0.1025041,0.7589263,0.04467409,0.2911283,0.020805,0.04660565,0.2867167,0.00723765,-0.9175921,0.359471,-0.1200914,-0.1199308,0.04660565,0.2867167,0.00723765,0.05148526,0.2884953,-0.0004225648,-0.9071754,0.301463,-0.2300005,0.182353,0.0754855,0.294268,-0.02286878,0.0702212,0.3006319,0.01609983,-0.0522538,-0.09019254,-0.3453054,0.9326838,0.0702212,0.3006319,0.01609983,0.05776681,0.2894784,0.01886052,0.5429852,-0.35172,-0.2001956,0.7357866,0.05776681,0.2894784,0.01886052,0.05573319,0.2844865,0.005711923,-0.8653188,0.4624475,-0.02005808,-0.1922587,0.05573319,0.2844865,0.005711923,0.05891404,0.2861111,-0.00176222,-0.8736136,0.4335136,-0.1316512,0.1775758
right,0.05211573,0.3100376,-0.007782268,0.09095375,0.5328577,-0.9098495,-0.3796457,-0.899202,0.2174966,-0.3371038,0.3533943,0.8726245,-0.1497508,-0.2031316,-0.1672533,0.953068,1,0.714138,0.05404008,0.2996701,-0.04555736,0.05404008,0.2996701,-0.04555736,-0.3722423,-0.2534729,0.3542887,0.8195527,0.05404008,0.2996701,-0.04555736,0.02366103,0.3057528,-0.0279975,-0.319797,-0.3888287,0.4071452,0.7620859,0.02366103,0.3057528,-0.0279975,0.01135781,0.3062026,-0.01288327,-0.1765555,-0.2848898,0.4667189,0.8184372,0.01135781,0.3062026,-0.01288327,0.01054627,0.3028456,-0.0004644627,0.09395617,-0.0972326,0.5307857,0.8366508,0.06032369,0.3085076,-0.04184815,0.03364296,0.3213408,-0.0008994006,-0.09349657,-0.2933799,-0.1325888,0.9421289,0.03364296,0.3213408,-0.0008994006,0.02480457,0.3074349,0.01039669,0.3871021,-0.2596718,0.02184279,0.8844464,0.02480457,0.3074349,0.01039669,0.02757079,0.2966455,0.002388204,-0.8741645,0.1664991,-0.1939774,-0.4129011,0.02757079,0.2966455,0.002388204,0.03248643,0.2945821,-0.007142448,-0.9637487,0.08694186,-0.2404204,-0.07633895,0.06546142,0.3095986,-0.03686868,0.04557596,0.3203114,0.005393542,-0.06367797,-0.2344678,-0.2201585,0.9447223,0.04557596,0.3203114,0.005393542,0.03222452,0.3032161,0.01315654,0.4747605,-0.3257664,-0.05038572,0.8160515,0.03222452,0.3032161,0.01315654,0.0358486,0.2940845,-0.002244771,-0.9130403,0.2964721,-0.1786843,-0.2157163,0.0358486,0.2940845,-0.002244771,0.04195905,0.2950325,-0.01184039,-0.9336191,0.2205601,-0.2615653,0.1062648,0.07170046,0.3060433,-0.03156722,0.05953959,0.3138806,0.008951164,-0.05096656,-0.162847,-0.262021,0.949857,0.05953959,0.3138806,0.008951164,0.04537018,0.2962559,0.01296322,0.5479015,-0.3353527,-0.09775388,0.7601228,0.04537018,0.2962559,0.01296322,0.04738182,0.2916853,-0.0005485881,-0.9147012,0.3637546,-0.1254654,-0.1235427,0.04738182,0.2916853,-0.0005485881,0.05228505,0.2932824,-0.008087061,-0.9056966,0.3039676,-0.2372469,0.1761572,0.07645086,0.2984088,-0.03029925,0.07086013,0.3054648,0.008496654,-0.05890983,-0.09731704,-0.3466459,0.9310723,0.07086013,0.3054648,0.008496654,0.05822068,0.2944793,0.01115723,0.5370855,-0.3648083,-0.1945263,0.7352643,0.05822068,0.2944793,0.01115723,0.05621654,0.2893438,-0.002013486,-0.8573595,0.475565,-0.02637734,-0.1951327,0.05621654,0.2893438,-0.002013486,0.05947115,0.2908248,-0.009420769,-0.867651,0.4443667,-0.1385408,0.1747179
right,0.05256914,0.3136341,-0.01552764,0.05239273,0.4155953,-0.8950049,-0.3785722,-0.8977439,0.2252532,-0.3459369,0.3629683,0.8652062,-0.1545504,-0.2085931,-0.1650522,0.9515045,1,0.7138446,0.05491303,0.3028217,-0.05319185,0.05491303,0.3028217,-0.05319185,-0.3784167,-0.255503,0.3555835,0.815524,0.05491303,0.3028217,-0.05319185,0.02427235,0.309771,-0.036299,-0.3359796,-0.3877364,0.4047039,0.756963,0.02427235,0.309771,-0.036299,0.01187116,0.3107745,-0.02130157,-0.1907655,-0.2806963,0.4642604,0.8180956,0.01187116,0.3107745,-0.02130157,0.01106915,0.3077892,-0.00870507,0.08178485,-0.08785576,0.526264,0.8418069,0.06112699,0.3117088,-0.04948813,0.03402736,0.324963,-0.008910464,-0.09823094,-0.2984824,-0.1296034,0.9404584,0.03402736,0.324963,-0.008910464,0.02491226,0.3115422,0.002306579,0.3763677,-0.2720163,0.02586698,0.88526,0.02491226,0.3115422,0.002306579,0.02767097,0.3007033,-0.005584181,-0.8691467,0.1811733,-0.2021191,-0.4134103,0.02767097,0.3007033,-0.005584181,0.03269252,0.2984493,-0.01507747,-0.9603294,0.1015863,-0.2468051,-0.08083884,0.06617316,0.3128686,-0.04450015,0.04586827,0.3240405,-0.002522549,-0.06814369,-0.2400736,-0.2173987,0.9436413,0.04586827,0.3240405,-0.002522549,0.03267898,0.3069224,0.004916102,0.4776731,-0.3302845,-0.0419264,0.8130084,0.03267898,0.3069224,0.004916102,0.03657049,0.2977188,-0.01037432,-0.912107,0.294295,-0.186493,-0.2160363,0.03657049,0.2977188,-0.01037432,0.04284241,0.298656,-0.01980404,-0.9321159,0.2146237,-0.2714803,0.1067473,0.07237005,0.3094142,-0.03909857,0.05981922,0.3177139,0.001237529,-0.05540081,-0.1687144,-0.2596373,0.949239,0.05981922,0.3177139,0.001237529,0.04564259,0.2999664,0.005045645,0.5487208,-0.3409308,-0.08990808,0.758016,0.04564259,0.2999664,0.005045645,0.04787327,0.2953316,-0.008521887,-0.9136628,0.3643473,-0.1327324,-0.1218748,0.04787327,0.2953316,-0.008521887,0.0529029,0.2969579,-0.01597314,-0.9037811,0.301635,-0.2444747,0.1800781,0.0771409,0.3018425,-0.03772884,0.07118184,0.3093618,0.0009511299,-0.06296645,-0.1036393,-0.3447304,0.9308357,0.07118184,0.3093618,0.0009511299,0.05846727,0.2983883,0.003484771,0.534909,-0.3732137,-0.1872257,0.7345273,0.05846727,0.2983883,0.003484771,0.05664538,0.2931828,-0.009754296,-0.8543507,0.481287,-0.03440147,-0.1930392,0.05664538,0.2931828,-0.009754296,0.05996485,0.2946542,-0.01714757,-0.864858,0.4481263,-0.141489,0.1765908
right,0.05256914,0.3136341,-0.01552764,0.05239273,0.4155953,-0.8950049,-0.3785722,-0.8977439,0.2252532,-0.3459369,0.3629683,0.8652062,-0.1545504,-0.2085931,-0.1650522,0.9515045,1,0.7138446,0.05491303,0.3028217,-0.05319185,0.05491303,0.3028217,-0.05319185,-0.3784167,-0.255503,0.3555835,0.815524,0.05491303,0.3028217,-0.05319185,0.02427235,0.309771,-0.036299,-0.3359796,-0.3877364,0.4047039,0.756963,0.02427235,0.309771,-0.036299,0.01187116,0.3107745,-0.02130157,-0.1907655,-0.2806963,0.4642604,0.8180956,0.01187116,0.3107745,-0.02130157,0.01106915,0.3077892,-0.00870507,0.08178485,-0.08785576,0.526264,0.8418069,0.06112699,0.3117088,-0.04948813,0.03402736,0.324963,-0.008910464,-0.09823094,-0.2984824,-0.1296034,0.9404584,0.03402736,0.324963,-0.008910464,0.02491226,0.3115422,0.002306579,0.3763677,-0.2720163,0.02586698,0.88526,0.02491226,0.3115422,0.002306579,0.02767097,0.3007033,-0.005584181,-0.8691467,0.1811733,-0.2021191,-0.4134103,0.02767097,0.3007033,-0.005584181,0.03269252,0.2984493,-0.01507747,-0.9603294,0.1015863,-0.2468051,-0.08083884,0.06617316,0.3128686,-0.04450015,0.04586827,0.3240405,-0.002522549,-0.06814369,-0.2400736,-0.2173987,0.9436413,0.04586827,0.3240405,-0.002522549,0.03267898,0.3069224,0.004916102,0.4776731,-0.3302845,-0.0419264,0.8130084,0.03267898,0.3069224,0.004916102,0.03657049,0.2977188,-0.01037432,-0.912107,0.294295,-0.186493,-0.2160363,0.03657049,0.2977188,-0.01037432,0.04284241,0.298656,-0.01980404,-0.9321159,0.2146237,-0.2714803,0.1067473,0.07237005,0.3094142,-0.03909857,0.05981922,0.3177139,0.001237529,-0.05540081,-0.1687144,-0.2596373,0.949239,0.05981922,0.3177139,0.001237529,0.04564259,0.2999664,0.005045645,0.5487208,-0.3409308,-0.08990808,0.758016,0.04564259,0.2999664,0.005045645,0.04787327,0.2953316,-0.008521887,-0.9136628,0.3643473,-0.1327324,-0.1218748,0.04787327,0.2953316,-0.008521887,0.0529029,0.2969579,-0.01597314,-0.9037811,0.301635,-0.2444747,0.1800781,0.0771409,0.3018425,-0.03772884,0.07118184,0.3093618,0.0009511299,-0.06296645,-0.1036393,-0.3447304,0.9308357,0.07118184,0.3093618,0.0009511299,0.05846727,0.2983883,0.003484771,0.534909,-0.3732137,-0.1872257,0.7345273,0.05846727,0.2983883,0.003484771,0.05664538,0.2931828,-0.009754296,-0.8543507,0.481287,-0.03440147,-0.1930392,0.05664538,0.2931828,-0.009754296,0.05996485,0.2946542,-0.01714757,-0.864858,0.4481263,-0.141489,0.1765908
right,0.0538221,0.3172631,-0.02400048,0.1438199,0.416548,-0.9725484,-0.3793762,-0.892191,0.2450896,-0.3478521,0.3829933,0.855754,-0.1653925,-0.2115852,-0.1629412,0.9493825,1,0.70789,0.05628307,0.3055718,-0.06141371,0.05628307,0.3055718,-0.06141371,-0.3882869,-0.2522726,0.3579589,0.8108374,0.05628307,0.3055718,-0.06141371,0.02552307,0.3131883,-0.04510425,-0.3507942,-0.3848804,0.4065665,0.7506758,0.02552307,0.3131883,-0.04510425,0.01296618,0.3145051,-0.03030602,-0.2027077,-0.2802501,0.4676022,0.8134603,0.01296618,0.3145051,-0.03030602,0.01213498,0.3119459,-0.01761591,0.06698672,-0.07992385,0.5276116,0.8430604,0.06250451,0.314541,-0.05791099,0.03527802,0.3287569,-0.01766184,-0.1090032,-0.3010529,-0.1263863,0.9388887,0.03527802,0.3287569,-0.01766184,0.02616315,0.3155636,-0.006256173,0.3681303,-0.2732691,0.03020391,0.8881958,0.02616315,0.3155636,-0.006256173,0.02894339,0.3046408,-0.01410616,-0.8671578,0.1838367,-0.2047185,-0.4151287,0.02894339,0.3046408,-0.01410616,0.03396322,0.3023112,-0.02361038,-0.9597275,0.1049395,-0.2469067,-0.08335376,0.06751192,0.3158084,-0.05295589,0.04708519,0.3279705,-0.01124107,-0.07884358,-0.2436726,-0.2148171,0.942476,0.04708519,0.3279705,-0.01124107,0.0339268,0.3110552,-0.003613191,0.4704048,-0.3332513,-0.03655604,0.8162883,0.0339268,0.3110552,-0.003613191,0.0378854,0.3015523,-0.01876183,-0.9091879,0.2948294,-0.1912751,-0.2233088,0.0378854,0.3015523,-0.01876183,0.04414412,0.3023358,-0.02812931,-0.932205,0.2138592,-0.2742824,0.1001361,0.07368793,0.3124893,-0.04745006,0.06102844,0.3217362,-0.007293612,-0.06610676,-0.1728157,-0.2578648,0.9482987,0.06102844,0.3217362,-0.007293612,0.04695297,0.3039016,-0.003415331,0.5466629,-0.3420911,-0.08312461,0.7597524,0.04695297,0.3039016,-0.003415331,0.04938171,0.2990704,-0.01696198,-0.9144719,0.3579287,-0.1404152,-0.1261423,0.04938171,0.2990704,-0.01696198,0.054466,0.300662,-0.02439651,-0.9058621,0.2929768,-0.2496482,0.1767887,0.07844147,0.3049576,-0.04592701,0.07238608,0.3133831,-0.00739482,-0.07334977,-0.1087075,-0.3437119,0.9298734,0.07238608,0.3133831,-0.00739482,0.0597291,0.302387,-0.004699847,0.5299727,-0.3738708,-0.1817586,0.7391301,0.0597291,0.302387,-0.004699847,0.05796358,0.2969489,-0.01801575,-0.8540645,0.4795966,-0.0395657,-0.197473,0.05796358,0.2969489,-0.01801575,0.06132731,0.2983704,-0.02544091,-0.8664542,0.4448945,-0.145359,0.1737723
right,0.05512492,0.3205262,-0.03258701,0.1498356,0.3752794,-0.9875251,-0.3895304,-0.8860158,0.2514799,-0.3512149,0.3953118,0.8487501,-0.1707726,-0.2155497,-0.1668198,0.9468612,1,0.7062279,0.05783452,0.3084233,-0.06985405,0.05783452,0.3084233,-0.06985405,-0.3952206,-0.2518662,0.3540092,0.8093464,0.05783452,0.3084233,-0.06985405,0.02686083,0.3163109,-0.05399342,-0.3575526,-0.3871706,0.4046748,0.7473242,0.02686083,0.3163109,-0.05399342,0.01411214,0.3178652,-0.03932812,-0.2106704,-0.2819021,0.465474,0.8120857,0.01411214,0.3178652,-0.03932812,0.01318331,0.3153867,-0.02657524,0.06218651,-0.08102718,0.5264143,0.8440707,0.06406286,0.3173733,-0.06639113,0.0366287,0.3322763,-0.02649733,-0.1148869,-0.3050343,-0.1295104,0.9364733,0.0366287,0.3322763,-0.02649733,0.02739962,0.3193086,-0.01498928,0.362035,-0.2756298,0.02865251,0.8900213,0.02739962,0.3193086,-0.01498928,0.03015147,0.3082353,-0.02273316,-0.8639643,0.185333,-0.2057123,-0.4205946,0.03015147,0.3082353,-0.02273316,0.03515739,0.3057271,-0.03223719,-0.9588066,0.1071814,-0.2468273,-0.09098455,0.06903249,0.3186247,-0.06142964,0.04837067,0.3314267,-0.01999195,-0.08412568,-0.2482816,-0.2181392,0.9400502,0.04837067,0.3314267,-0.01999195,0.03509054,0.3147343,-0.01219567,0.4641987,-0.3359715,-0.03730883,0.8186884,0.03509054,0.3147343,-0.01219567,0.03913176,0.3050232,-0.0272457,-0.907383,0.2940822,-0.1952266,-0.2281631,0.03913176,0.3050232,-0.0272457,0.0453967,0.3056708,-0.0365757,-0.9323834,0.2123058,-0.277061,0.09394011,0.0751405,0.3153111,-0.05583765,0.06223546,0.325109,-0.01586446,-0.07092135,-0.1777392,-0.2615395,0.9460317,0.06223546,0.325109,-0.01586446,0.04824485,0.3074129,-0.01180373,0.5433398,-0.3408833,-0.08320872,0.7626642,0.04824485,0.3074129,-0.01180373,0.05071202,0.3024045,-0.02528902,-0.9151753,0.352742,-0.1433212,-0.1322355,0.05071202,0.3024045,-0.02528902,0.05577677,0.303914,-0.03271995,-0.9083464,0.2869959,-0.2518102,0.1706802,0.07981608,0.3077743,-0.05422051,0.07352394,0.3166728,-0.01580957,-0.07742346,-0.1139845,-0.3476718,0.9274359,0.07352394,0.3166728,-0.01580957,0.06084765,0.3057993,-0.01301547,0.5254433,-0.3760386,-0.1818964,0.7412274,0.06084765,0.3057993,-0.01301547,0.05915041,0.3002407,-0.02631763,-0.8532614,0.4797098,-0.04379584,-0.1997636,0.05915041,0.3002407,-0.02631763,0.06257243,0.3015999,-0.03373592,-0.866819,0.4432728,-0.1505588,0.171657
right,0.05512492,0.3205262,-0.03258701,0.1498356,0.3752794,-0.9875251,-0.3895304,-0.8860158,0.2514799,-0.3512149,0.3953118,0.8487501,-0.1707726,-0.2155497,-0.1668198,0.9468612,1,0.7062279,0.05783452,0.3084233,-0.06985405,0.05783452,0.3084233,-0.06985405,-0.3952206,-0.2518662,0.3540092,0.8093464,0.05783452,0.3084233,-0.06985405,0.02686083,0.3163109,-0.05399342,-0.3575526,-0.3871706,0.4046748,0.7473242,0.02686083,0.3163109,-0.05399342,0.01411214,0.3178652,-0.03932812,-0.2106704,-0.2819021,0.465474,0.8120857,0.01411214,0.3178652,-0.03932812,0.01318331,0.3153867,-0.02657524,0.06218651,-0.08102718,0.5264143,0.8440707,0.06406286,0.3173733,-0.06639113,0.0366287,0.3322763,-0.02649733,-0.1148869,-0.3050343,-0.1295104,0.9364733,0.0366287,0.3322763,-0.02649733,0.02739962,0.3193086,-0.01498928,0.362035,-0.2756298,0.02865251,0.8900213,0.02739962,0.3193086,-0.01498928,0.03015147,0.3082353,-0.02273316,-0.8639643,0.185333,-0.2057123,-0.4205946,0.03015147,0.3082353,-0.02273316,0.03515739,0.3057271,-0.03223719,-0.9588066,0.1071814,-0.2468273,-0.09098455,0.06903249,0.3186247,-0.06142964,0.04837067,0.3314267,-0.01999195,-0.08412568,-0.2482816,-0.2181392,0.9400502,0.04837067,0.3314267,-0.01999195,0.03509054,0.3147343,-0.01219567,0.4641987,-0.3359715,-0.03730883,0.8186884,0.03509054,0.3147343,-0.01219567,0.03913176,0.3050232,-0.0272457,-0.907383,0.2940822,-0.1952266,-0.2281631,0.03913176,0.3050232,-0.0272457,0.0453967,0.3056708,-0.0365757,-0.9323834,0.2123058,-0.277061,0.09394011,0.0751405,0.3153111,-0.05583765,0.06223546,0.325109,-0.01586446,-0.07092135,-0.1777392,-0.2615395,0.9460317,0.06223546,0.325109,-0.01586446,0.04824485,0.3074129,-0.01180373,0.5433398,-0.3408833,-0.08320872,0.7626642,0.04824485,0.3074129,-0.01180373,0.05071202,0.3024045,-0.02528902,-0.9151753,0.352742,-0.1433212,-0.1322355,0.05071202,0.3024045,-0.02528902,0.05577677,0.303914,-0.03271995,-0.9083464,0.2869959,-0.2518102,0.1706802,0.07981608,0.3077743,-0.05422051,0.07352394,0.3166728,-0.01580957,-0.07742346,-0.1139845,-0.3476718,0.9274359,0.07352394,0.3166728,-0.01580957,0.06084765,0.3057993,-0.01301547,0.5254433,-0.3760386,-0.1818964,0.7412274,0.06084765,0.3057993,-0.01301547,0.05915041,0.3002407,-0.02631763,-0.8532614,0.4797098,-0.04379584,-0.1997636,0.05915041,0.3002407,-0.02631763,0.06257243,0.3015999,-0.03373592,-0.866819,0.4432728,-0.1505588,0.171657
right,0.05646984,0.3244982,-0.04116446,0.1566593,0.4626709,-0.9991199,-0.4040748,-0.875807,0.2639803,-0.3555351,0.4162719,0.8368468,-0.1803816,-0.2214478,-0.1719272,0.9427961,1,0.7158815,0.05945799,0.3116012,-0.07818321,0.05945799,0.3116012,-0.07818321,-0.4067033,-0.2504574,0.3488275,0.8063392,0.05945799,0.3116012,-0.07818321,0.02831866,0.3196386,-0.06268007,-0.3630383,-0.388693,0.4050142,0.7436965,0.02831866,0.3196386,-0.06268007,0.01543132,0.32142,-0.04821017,-0.2190577,-0.2831964,0.4647744,0.8098138,0.01543132,0.32142,-0.04821017,0.01442469,0.3190039,-0.03550075,0.0587065,-0.08264919,0.5271217,0.8437212,0.06575239,0.3205756,-0.07478819,0.03805929,0.3366124,-0.03549717,-0.1252026,-0.3108718,-0.1333666,0.9326823,0.03805929,0.3366124,-0.03549717,0.02857949,0.324025,-0.02394052,0.352357,-0.2831027,0.02795802,0.8915805,0.02857949,0.324025,-0.02394052,0.03129962,0.3127296,-0.03147741,-0.8576148,0.1913355,-0.2101419,-0.428635,0.03129962,0.3127296,-0.03147741,0.03640343,0.3099174,-0.04094078,-0.9555926,0.1122433,-0.25236,-0.102755,0.0706837,0.3218783,-0.06979892,0.04971867,0.3357556,-0.02884491,-0.09359739,-0.2552043,-0.2223842,0.9362988,0.04971867,0.3357556,-0.02884491,0.03618487,0.3193292,-0.02087038,0.4554164,-0.3422948,-0.03665653,0.8210276,0.03618487,0.3193292,-0.02087038,0.04030925,0.3091348,-0.03574235,-0.9026551,0.2953649,-0.2018075,-0.2392635,0.04030925,0.3091348,-0.03574235,0.04672989,0.3094903,-0.0450563,-0.9311841,0.2106105,-0.2861523,0.08158592,0.07667568,0.3185764,-0.06406298,0.06344545,0.3293198,-0.02442575,-0.07973932,-0.185209,-0.2664271,0.9425263,0.06344545,0.3293198,-0.02442575,0.04917828,0.3116944,-0.02030389,0.5376523,-0.3485827,-0.08067641,0.7634864,0.04917828,0.3116944,-0.02030389,0.05171905,0.3063509,-0.03378276,-0.9112356,0.3570439,-0.1497606,-0.1405031,0.05171905,0.3063509,-0.03378276,0.0568643,0.3077386,-0.04124436,-0.9074392,0.2888532,-0.2566396,0.165088,0.08122391,0.3109848,-0.06230911,0.07461341,0.3207122,-0.02414024,-0.08514802,-0.1221438,-0.3530839,0.923668,0.07461341,0.3207122,-0.02414024,0.06166218,0.3100463,-0.02130306,0.5160846,-0.3876709,-0.1797803,0.7423255,0.06166218,0.3100463,-0.02130306,0.06003653,0.3042492,-0.0345986,-0.8462685,0.4891886,-0.05235191,-0.2044098,0.06003653,0.3042492,-0.0345986,0.06363032,0.3054653,-0.04196665,-0.8621965,0.4484927,-0.1630804,0.1699303
right,0.05646984,0.3244982,-0.04116446,0.1566593,0.4626709,-0.9991199,-0.4040748,-0.875807,0.2639803,-0.3555351,0.4162719,0.8368468,-0.1803816,-0.2214478,-0.1719272,0.9427961,1,0.7158815,0.05945799,0.3116012,-0.07818321,0.05945799,0.3116012,-0.07818321,-0.4067033,-0.2504574,0.3488275,0.8063392,0.05945799,0.3116012,-0.07818321,0.02831866,0.3196386,-0.06268007,-0.3630383,-0.388693,0.4050142,0.7436965,0.02831866,0.3196386,-0.06268007,0.01543132,0.32142,-0.04821017,-0.2190577,-0.2831964,0.4647744,0.8098138,0.01543132,0.32142,-0.04821017,0.01442469,0.3190039,-0.03550075,0.0587065,-0.08264919,0.5271217,0.8437212,0.06575239,0.3205756,-0.07478819,0.03805929,0.3366124,-0.03549717,-0.1252026,-0.3108718,-0.1333666,0.9326823,0.03805929,0.3366124,-0.03549717,0.02857949,0.324025,-0.02394052,0.352357,-0.2831027,0.02795802,0.8915805,0.02857949,0.324025,-0.02394052,0.03129962,0.3127296,-0.03147741,-0.8576148,0.1913355,-0.2101419,-0.428635,0.03129962,0.3127296,-0.03147741,0.03640343,0.3099174,-0.04094078,-0.9555926,0.1122433,-0.25236,-0.102755,0.0706837,0.3218783,-0.06979892,0.04971867,0.3357556,-0.02884491,-0.09359739,-0.2552043,-0.2223842,0.9362988,0.04971867,0.3357556,-0.02884491,0.03618487,0.3193292,-0.02087038,0.4554164,-0.3422948,-0.03665653,0.8210276,0.03618487,0.3193292,-0.02087038,0.04030925,0.3091348,-0.03574235,-0.9026551,0.2953649,-0.2018075,-0.2392635,0.04030925,0.3091348,-0.03574235,0.04672989,0.3094903,-0.0450563,-0.9311841,0.2106105,-0.2861523,0.08158592,0.07667568,0.3185764,-0.06406298,0.06344545,0.3293198,-0.02442575,-0.07973932,-0.185209,-0.2664271,0.9425263,0.06344545,0.3293198,-0.02442575,0.04917828,0.3116944,-0.02030389,0.5376523,-0.3485827,-0.08067641,0.7634864,0.04917828,0.3116944,-0.02030389,0.05171905,0.3063509,-0.03378276,-0.9112356,0.3570439,-0.1497606,-0.1405031,0.05171905,0.3063509,-0.03378276,0.0568643,0.3077386,-0.04124436,-0.9074392,0.2888532,-0.2566396,0.165088,0.08122391,0.3109848,-0.06230911,0.07461341,0.3207122,-0.02414024,-0.08514802,-0.1221438,-0.3530839,0.923668,0.07461341,0.3207122,-0.02414024,0.06166218,0.3100463,-0.02130306,0.5160846,-0.3876709,-0.1797803,0.7423255,0.06166218,0.3100463,-0.02130306,0.06003653,0.3042492,-0.0345986,-0.8462685,0.4891886,-0.05235191,-0.2044098,0.06003653,0.3042492,-0.0345986,0.06363032,0.3054653,-0.04196665,-0.8621965,0.4484927,-0.1630804,0.1699303
right,0.05764374,0.327305,-0.04994072,0.1332314,0.3185533,-0.9960579,-0.411414,-0.871222,0.2677886,-0.3627751,0.4260543,0.8287774,-0.1844873,-0.227103,-0.1742224,0.9402315,1,0.7306456,0.06100459,0.3140792,-0.08677661,0.06100459,0.3140792,-0.08677661,-0.4131401,-0.2522838,0.3457268,0.803829,0.06100459,0.3140792,-0.08677661,0.02956288,0.3223156,-0.07173012,-0.3692971,-0.3918795,0.4036428,0.7396774,0.02956288,0.3223156,-0.07173012,0.01655591,0.3241944,-0.05735784,-0.2234518,-0.2847374,0.4647491,0.8080855,0.01655591,0.3241944,-0.05735784,0.01550397,0.3218658,-0.04455161,0.05454445,-0.08179529,0.5272454,0.8440064,0.06728294,0.323011,-0.08341633,0.03924649,0.3395536,-0.04461283,-0.1297007,-0.3164202,-0.1348993,0.9299775,0.03924649,0.3395536,-0.04461283,0.02934511,0.3273617,-0.03321898,0.3431122,-0.2977803,0.02911909,0.8903668,0.02934511,0.3273617,-0.03321898,0.03194164,0.315957,-0.04055331,-0.8495049,0.2096792,-0.217458,-0.4325369,0.03194164,0.315957,-0.04055331,0.03710631,0.3129031,-0.04979473,-0.9500557,0.1294583,-0.2617043,-0.1102066,0.07214794,0.3243278,-0.07837767,0.05080634,0.338695,-0.03781594,-0.09747579,-0.2612805,-0.224013,0.9338357,0.05080634,0.338695,-0.03781594,0.03707781,0.3226901,-0.02997351,0.4484035,-0.3530403,-0.03449771,0.8204308,0.03707781,0.3226901,-0.02997351,0.04131287,0.3124,-0.04464235,-0.8975403,0.3045875,-0.2096504,-0.2401968,0.04131287,0.3124,-0.04464235,0.04784865,0.3125321,-0.05381172,-0.9271591,0.217953,-0.2951924,0.07572226,0.07806424,0.3210657,-0.07253011,0.06445209,0.3322498,-0.03316751,-0.08322647,-0.1915682,-0.2683282,0.9404121,0.06445209,0.3322498,-0.03316751,0.05007456,0.3149965,-0.02895593,0.5299497,-0.3563657,-0.07891642,0.76546,0.05007456,0.3149965,-0.02895593,0.05260149,0.309404,-0.04239455,-0.9061845,0.3655799,-0.1536356,-0.1468911,0.05260149,0.309404,-0.04239455,0.0577427,0.310573,-0.04982243,-0.9054174,0.2965567,-0.2605262,0.1562032,0.08257584,0.3134951,-0.0706616,0.07559106,0.323617,-0.03268243,-0.08790132,-0.1288013,-0.3552682,0.9216659,0.07559106,0.323617,-0.03268243,0.06267698,0.3130203,-0.02980863,0.5133758,-0.3894552,-0.1777998,0.7437454,0.06267698,0.3130203,-0.02980863,0.06110298,0.3070801,-0.04311847,-0.8457549,0.4885178,-0.05615629,-0.2071123,0.06110298,0.3070801,-0.04311847,0.06472918,0.3082055,-0.05049237,-0.8632064,0.4465502,-0.1677052,0.1653561
right,0.05764374,0.327305,-0.04994072,0.1332314,0.3185533,-0.9960579,-0.411414,-0.871222,0.2677886,-0.3627751,0.4260543,0.8287774,-0.1844873,-0.227103,-0.1742224,0.9402315,1,0.7306456,0.06100459,0.3140792,-0.08677661,0.06100459,0.3140792,-0.08677661,-0.4131401,-0.2522838,0.3457268,0.803829,0.06100459,0.3140792,-0.08677661,0.02956288,0.3223156,-0.07173012,-0.3692971,-0.3918795,0.4036428,0.7396774,0.02956288,0.3223156,-0.07173012,0.01655591,0.3241944,-0.05735784,-0.2234518,-0.2847374,0.4647491,0.8080855,0.01655591,0.3241944,-0.05735784,0.01550397,0.3218658,-0.04455161,0.05454445,-0.08179529,0.5272454,0.8440064,0.06728294,0.323011,-0.08341633,0.03924649,0.3395536,-0.04461283,-0.1297007,-0.3164202,-0.1348993,0.9299775,0.03924649,0.3395536,-0.04461283,0.02934511,0.3273617,-0.03321898,0.3431122,-0.2977803,0.02911909,0.8903668,0.02934511,0.3273617,-0.03321898,0.03194164,0.315957,-0.04055331,-0.8495049,0.2096792,-0.217458,-0.4325369,0.03194164,0.315957,-0.04055331,0.03710631,0.3129031,-0.04979473,-0.9500557,0.1294583,-0.2617043,-0.1102066,0.07214794,0.3243278,-0.07837767,0.05080634,0.338695,-0.03781594,-0.09747579,-0.2612805,-0.224013,0.9338357,0.05080634,0.338695,-0.03781594,0.03707781,0.3226901,-0.02997351,0.4484035,-0.3530403,-0.03449771,0.8204308,0.03707781,0.3226901,-0.02997351,0.04131287,0.3124,-0.04464235,-0.8975403,0.3045875,-0.2096504,-0.2401968,0.04131287,0.3124,-0.04464235,0.04784865,0.3125321,-0.05381172,-0.9271591,0.217953,-0.2951924,0.07572226,0.07806424,0.3210657,-0.07253011,0.06445209,0.3322498,-0.03316751,-0.08322647,-0.1915682,-0.2683282,0.9404121,0.06445209,0.3322498,-0.03316751,0.05007456,0.3149965,-0.02895593,0.5299497,-0.3563657,-0.07891642,0.76546,0.05007456,0.3149965,-0.02895593,0.05260149,0.309404,-0.04239455,-0.9061845,0.3655799,-0.1536356,-0.1468911,0.05260149,0.309404,-0.04239455,0.0577427,0.310573,-0.04982243,-0.9054174,0.2965567,-0.2605262,0.1562032,0.08257584,0.3134951,-0.0706616,0.07559106,0.323617,-0.03268243,-0.08790132,-0.1288013,-0.3552682,0.9216659,0.07559106,0.323617,-0.03268243,0.06267698,0.3130203,-0.02980863,0.5133758,-0.3894552,-0.1777998,0.7437454,0.06267698,0.3130203,-0.02980863,0.06110298,0.3070801,-0.04311847,-0.8457549,0.4885178,-0.05615629,-0.2071123,0.06110298,0.3070801,-0.04311847,0.06472918,0.3082055,-0.05049237,-0.8632064,0.4465502,-0.1677052,0.1653561
right,0.05865056,0.3285625,-0.05893978,0.1162611,0.1452115,-1.039152,-0.4104698,-0.8718559,0.2671739,-0.3741435,0.4282214,0.8225832,-0.1851651,-0.2332858,-0.172586,0.9388853,1,0.7336213,0.06260253,0.3152261,-0.0956764,0.06260253,0.3152261,-0.0956764,-0.4164002,-0.2569987,0.3457952,0.8006175,0.06260253,0.3152261,-0.0956764,0.0308158,0.3235238,-0.08114894,-0.374876,-0.3965503,0.4031951,0.7346085,0.0308158,0.3235238,-0.08114894,0.01762835,0.3254997,-0.06689133,-0.2287285,-0.287242,0.4651948,0.805462,0.01762835,0.3254997,-0.06689133,0.01651729,0.3233405,-0.05399973,0.04757892,-0.07985695,0.5273967,0.8445187,0.06874692,0.324156,-0.09229437,0.04015967,0.3407695,-0.05384383,-0.1303753,-0.3223254,-0.1327666,0.9281604,0.04015967,0.3407695,-0.05384383,0.03018635,0.328684,-0.04273299,0.3423616,-0.3059017,0.0348842,0.8876913,0.03018635,0.328684,-0.04273299,0.03285092,0.3172983,-0.04990244,-0.8455374,0.2154404,-0.2253188,-0.433455,0.03285092,0.3172983,-0.04990244,0.03805147,0.314164,-0.05889092,-0.9468102,0.1336874,-0.2693598,-0.114557,0.07349996,0.3254795,-0.08722527,0.05160508,0.339954,-0.04692793,-0.09777854,-0.2673431,-0.2218146,0.9326121,0.05160508,0.339954,-0.04692793,0.03787387,0.3240796,-0.03937736,0.4477062,-0.3609835,-0.02827055,0.8175884,0.03787387,0.3240796,-0.03937736,0.04228617,0.313846,-0.05392324,-0.8946866,0.3105455,-0.2167811,-0.2368613,0.04228617,0.313846,-0.05392324,0.04887838,0.3139976,-0.06287368,-0.9238569,0.2214498,-0.3018149,0.07972626,0.07935902,0.322294,-0.08131715,0.06523065,0.3336117,-0.04211722,-0.08345202,-0.1977406,-0.2661953,0.9397205,0.06523065,0.3336117,-0.04211722,0.05101504,0.3164972,-0.03789917,0.527694,-0.3583341,-0.07428277,0.7665623,0.05101504,0.3164972,-0.03789917,0.05366647,0.3109102,-0.05129698,-0.9057973,0.3653809,-0.1578117,-0.1453393,0.05366647,0.3109102,-0.05129698,0.05887567,0.3120586,-0.05861308,-0.9040511,0.2944581,-0.2670207,0.157118,0.08390228,0.314821,-0.07935753,0.07642953,0.3250993,-0.04146206,-0.08773129,-0.1350819,-0.3533496,0.9215206,0.07642953,0.3250993,-0.04146206,0.06367196,0.314554,-0.03857186,0.5117848,-0.3899613,-0.1737245,0.7455376,0.06367196,0.314554,-0.03857186,0.06219324,0.3085503,-0.05187267,-0.8461948,0.487194,-0.0598415,-0.2074014,0.06219324,0.3085503,-0.05187267,0.06586993,0.3096309,-0.05925995,-0.864167,0.4439025,-0.1717188,0.1633359
right,0.06006792,0.3302727,-0.06798628,0.1653472,0.1995122,-1.055355,-0.4162419,-0.8660256,0.2770241,-0.3792944,0.4422773,0.8127279,-0.192101,-0.2381875,-0.1734486,0.936098,1,0.7307957,0.06428424,0.31635,-0.1045135,0.06428424,0.31635,-0.1045135,-0.4244982,-0.2568763,0.3443957,0.796999,0.06428424,0.31635,-0.1045135,0.03231781,0.3249006,-0.09031975,-0.3816783,-0.3965087,0.403926,0.7307162,0.03231781,0.3249006,-0.09031975,0.01895783,0.3271019,-0.07621489,-0.2372343,-0.2881307,0.4654078,0.802556,0.01895783,0.3271019,-0.07621489,0.01781733,0.325092,-0.06331585,0.04213155,-0.07785419,0.5279555,0.8446459,0.07048376,0.3252727,-0.1011871,0.04160788,0.3426081,-0.06319355,-0.1375771,-0.3269824,-0.1326951,0.9254983,0.04160788,0.3426081,-0.06319355,0.03152843,0.3307945,-0.05215927,0.3359464,-0.3122981,0.03782571,0.8877945,0.03152843,0.3307945,-0.05215927,0.03425454,0.3193142,-0.05919851,-0.8414597,0.2193408,-0.231581,-0.4361255,0.03425454,0.3193142,-0.05919851,0.03952451,0.315994,-0.06812043,-0.9439766,0.1374149,-0.2742507,-0.1217036,0.07518963,0.3266985,-0.09612529,0.05298958,0.3418946,-0.05619353,-0.1045305,-0.2727696,-0.222033,0.9302534,0.05298958,0.3418946,-0.05619353,0.03907781,0.3262245,-0.04866769,0.44137,-0.3690341,-0.02425096,0.8175685,0.03907781,0.3262245,-0.04866769,0.04358766,0.315675,-0.06304589,-0.8895336,0.3155234,-0.2239747,-0.2429204,0.04358766,0.315675,-0.06304589,0.05026766,0.3156519,-0.0719872,-0.9219771,0.2247564,-0.3066303,0.07362527,0.08094615,0.3235911,-0.0901171,0.06651795,0.3355796,-0.05116968,-0.0899327,-0.203569,-0.2668997,0.937676,0.06651795,0.3355796,-0.05116968,0.05206979,0.3186207,-0.04691799,0.5207844,-0.367499,-0.07010688,0.7673416,0.05206979,0.3186207,-0.04691799,0.05497821,0.3128212,-0.06024799,-0.9023597,0.3678632,-0.1689885,-0.1478735,0.05497821,0.3128212,-0.06024799,0.06034076,0.3138539,-0.06753065,-0.9020729,0.293749,-0.2767124,0.1529912,0.08539071,0.3161174,-0.08803807,0.07763254,0.327019,-0.05032414,-0.0935794,-0.1414963,-0.3545129,0.9195337,0.07763254,0.327019,-0.05032414,0.06469366,0.316707,-0.04742219,0.5023351,-0.4015987,-0.1697145,0.7467093,0.06469366,0.316707,-0.04742219,0.06341942,0.3105222,-0.06066656,-0.8403014,0.4951974,-0.0713514,-0.2087632,0.06341942,0.3105222,-0.06066656,0.06721056,0.3114689,-0.06804467,-0.8605319,0.4487113,-0.180428,0.1599648
right,0.06006792,0.3302727,-0.06798628,0.1653472,0.1995122,-1.055355,-0.4162419,-0.8660256,0.2770241,-0.3792944,0.4422773,0.8127279,-0.192101,-0.2381875,-0.1734486,0.936098,1,0.7307957,0.06428424,0.31635,-0.1045135,0.06428424,0.31635,-0.1045135,-0.4244982,-0.2568763,0.3443957,0.796999,0.06428424,0.31635,-0.1045135,0.03231781,0.3249006,-0.09031975,-0.3816783,-0.3965087,0.403926,0.7307162,0.03231781,0.3249006,-0.09031975,0.01895783,0.3271019,-0.07621489,-0.2372343,-0.2881307,0.4654078,0.802556,0.01895783,0.3271019,-0.07621489,0.01781733,0.325092,-0.06331585,0.04213155,-0.07785419,0.5279555,0.8446459,0.07048376,0.3252727,-0.1011871,0.04160788,0.3426081,-0.06319355,-0.1375771,-0.3269824,-0.1326951,0.9254983,0.04160788,0.3426081,-0.06319355,0.03152843,0.3307945,-0.05215927,0.3359464,-0.3122981,0.03782571,0.8877945,0.03152843,0.3307945,-0.05215927,0.03425454,0.3193142,-0.05919851,-0.8414597,0.2193408,-0.231581,-0.4361255,0.03425454,0.3193142,-0.05919851,0.03952451,0.315994,-0.06812043,-0.9439766,0.1374149,-0.2742507,-0.1217036,0.07518963,0.3266985,-0.09612529,0.05298958,0.3418946,-0.05619353,-0.1045305,-0.2727696,-0.222033,0.9302534,0.05298958,0.3418946,-0.05619353,0.03907781,0.3262245,-0.04866769,0.44137,-0.3690341,-0.02425096,0.8175685,0.03907781,0.3262245,-0.04866769,0.04358766,0.315675,-0.06304589,-0.8895336,0.3155234,-0.2239747,-0.2429204,0.04358766,0.315675,-0.06304589,0.05026766,0.3156519,-0.0719872,-0.9219771,0.2247564,-0.3066303,0.07362527,0.08094615,0.3235911,-0.0901171,0.06651795,0.3355796,-0.05116968,-0.0899327,-0.203569,-0.2668997,0.937676,0.06651795,0.3355796,-0.05116968,0.05206979,0.3186207,-0.04691799,0.5207844,-0.367499,-0.07010688,0.7673416,0.05206979,0.3186207,-0.04691799,0.05497821,0.3128212,-0.06024799,-0.9023597,0.3678632,-0.1689885,-0.1478735,0.05497821,0.3128212,-0.06024799,0.06034076,0.3138539,-0.06753065,-0.9020729,0.293749,-0.2767124,0.1529912,0.08539071,0.3161174,-0.08803807,0.07763254,0.327019,-0.05032414,-0.0935794,-0.1414963,-0.3545129,0.9195337,0.07763254,0.327019,-0.05032414,0.06469366,0.316707,-0.04742219,0.5023351,-0.4015987,-0.1697145,0.7467093,0.06469366,0.316707,-0.04742219,0.06341942,0.3105222,-0.06066656,-0.8403014,0.4951974,-0.0713514,-0.2087632,0.06341942,0.3105222,-0.06066656,0.06721056,0.3114689,-0.06804467,-0.8605319,0.4487113,-0.180428,0.1599648
right,0.06130547,0.3313946,-0.07679457,0.1419545,0.1286918,-1.010358,-0.4133625,-0.8621914,0.2928436,-0.3846768,0.456849,0.8020678,-0.2006627,-0.242282,-0.1692299,0.9340209,1,0.7194673,0.06569134,0.3167693,-0.1130184,0.06569134,0.3167693,-0.1130184,-0.4326467,-0.2559851,0.3479774,0.7913281,0.06569134,0.3167693,-0.1130184,0.03362296,0.3258107,-0.09937772,-0.3942949,-0.3938177,0.4062123,0.7241759,0.03362296,0.3258107,-0.09937772,0.02017757,0.3283713,-0.08553176,-0.2500323,-0.2861744,0.4675343,0.7981226,0.02017757,0.3283713,-0.08553176,0.01891153,0.3268625,-0.07263241,0.02351756,-0.07194047,0.52688,0.846563,0.07184906,0.3257885,-0.1098467,0.04277761,0.3437284,-0.07238062,-0.1459099,-0.3305103,-0.1274933,0.9236984,0.04277761,0.3437284,-0.07238062,0.03263084,0.3320293,-0.06132352,0.329913,-0.3172028,0.04559341,0.8879533,0.03263084,0.3320293,-0.06132352,0.03543077,0.3204935,-0.06816031,-0.8367533,0.2222295,-0.2389241,-0.4397422,0.03543077,0.3204935,-0.06816031,0.04075163,0.3171083,-0.0769684,-0.9419135,0.1390615,-0.2791368,-0.1246732,0.07652496,0.3273116,-0.1047642,0.05412189,0.3431862,-0.06529284,-0.1128583,-0.2771378,-0.217297,0.9291069,0.05412189,0.3431862,-0.06529284,0.04028201,0.3274704,-0.05765291,0.4375787,-0.3703494,-0.01608595,0.8192115,0.04028201,0.3274704,-0.05765291,0.04484191,0.316728,-0.07186095,-0.8872053,0.3150239,-0.227943,-0.2483319,0.04484191,0.316728,-0.07186095,0.0515456,0.3166532,-0.08075123,-0.9218072,0.2224539,-0.3094205,0.07102677,0.0822999,0.3243707,-0.09862095,0.06767662,0.3370595,-0.06003631,-0.09840706,-0.2083765,-0.2628151,0.9369224,0.06767662,0.3370595,-0.06003631,0.05334045,0.3199163,-0.05577274,0.5198557,-0.368847,-0.06109788,0.7680944,0.05334045,0.3199163,-0.05577274,0.05639524,0.3139673,-0.06904772,-0.9022528,0.3639773,-0.1748972,-0.1512328,0.05639524,0.3139673,-0.06904772,0.0618345,0.314985,-0.07625057,-0.9022976,0.2869803,-0.283421,0.1522296,0.0867919,0.3169874,-0.09638704,0.07883937,0.3285976,-0.05898517,-0.1018368,-0.1471664,-0.3511019,0.919075,0.07883937,0.3285976,-0.05898517,0.06594896,0.3182188,-0.05601913,0.4988267,-0.4036898,-0.1617883,0.7496873,0.06594896,0.3182188,-0.05601913,0.06477626,0.3117597,-0.0691945,-0.8399827,0.4918882,-0.07858338,-0.2151734,0.06477626,0.3117597,-0.0691945,0.06859813,0.3126052,-0.07650418,-0.8629582,0.4428136,-0.1874009,0.1552422
right,0.06130547,0.3313946,-0.07679457,0.1419545,0.1286918,-1.010358,-0.4133625,-0.8621914,0.2928436,-0.3846768,0.456849,0.8020678,-0.2006627,-0.242282,-0.1692299,0.9340209,1,0.7194673,0.06569134,0.3167693,-0.1130184,0.06569134,0.3167693,-0.1130184,-0.4326467,-0.2559851,0.3479774,0.7913281,0.06569134,0.3167693,-0.1130184,0.03362296,0.3258107,-0.09937772,-0.3942949,-0.3938177,0.4062123,0.7241759,0.03362296,0.3258107,-0.09937772,0.02017757,0.3283713,-0.08553176,-0.2500323,-0.2861744,0.4675343,0.7981226,0.02017757,0.3283713,-0.08553176,0.01891153,0.3268625,-0.07263241,0.02351756,-0.07194047,0.52688,0.846563,0.07184906,0.3257885,-0.1098467,0.04277761,0.3437284,-0.07238062,-0.1459099,-0.3305103,-0.1274933,0.9236984,0.04277761,0.3437284,-0.07238062,0.03263084,0.3320293,-0.06132352,0.329913,-0.3172028,0.04559341,0.8879533,0.03263084,0.3320293,-0.06132352,0.03543077,0.3204935,-0.06816031,-0.8367533,0.2222295,-0.2389241,-0.4397422,0.03543077,0.3204935,-0.06816031,0.04075163,0.3171083,-0.0769684,-0.9419135,0.1390615,-0.2791368,-0.1246732,0.07652496,0.3273116,-0.1047642,0.05412189,0.3431862,-0.06529284,-0.1128583,-0.2771378,-0.217297,0.9291069,0.05412189,0.3431862,-0.06529284,0.04028201,0.3274704,-0.05765291,0.4375787,-0.3703494,-0.01608595,0.8192115,0.04028201,0.3274704,-0.05765291,0.04484191,0.316728,-0.07186095,-0.8872053,0.3150239,-0.227943,-0.2483319,0.04484191,0.316728,-0.07186095,0.0515456,0.3166532,-0.08075123,-0.9218072,0.2224539,-0.3094205,0.07102677,0.0822999,0.3243707,-0.09862095,0.06767662,0.3370595,-0.06003631,-0.09840706,-0.2083765,-0.2628151,0.9369224,0.06767662,0.3370595,-0.06003631,0.05334045,0.3199163,-0.05577274,0.5198557,-0.368847,-0.06109788,0.7680944,0.05334045,0.3199163,-0.05577274,0.05639524,0.3139673,-0.06904772,-0.9022528,0.3639773,-0.1748972,-0.1512328,0.05639524,0.3139673,-0.06904772,0.0618345,0.314985,-0.07625057,-0.9022976,0.2869803,-0.283421,0.1522296,0.0867919,0.3169874,-0.09638704,0.07883937,0.3285976,-0.05898517,-0.1018368,-0.1471664,-0.3511019,0.919075,0.07883937,0.3285976,-0.05898517,0.06594896,0.3182188,-0.05601913,0.4988267,-0.4036898,-0.1617883,0.7496873,0.06594896,0.3182188,-0.05601913,0.06477626,0.3117597,-0.0691945,-0.8399827,0.4918882,-0.07858338,-0.2151734,0.06477626,0.3117597,-0.0691945,0.06859813,0.3126052,-0.07650418,-0.8629582,0.4428136,-0.1874009,0.1552422
right,0.06246901,0.3321746,-0.08571005,0.1351064,0.09056269,-1.035239,-0.4020214,-0.8597376,0.315008,-0.3916419,0.4724344,0.789571,-0.2111492,-0.2462327,-0.159835,0.9323295,1,0.7115052,0.06708706,0.3166976,-0.1214884,0.06708706,0.3166976,-0.1214884,-0.441377,-0.2546707,0.3564316,0.7831256,0.06708706,0.3166976,-0.1214884,0.03487476,0.3262279,-0.1085173,-0.4097822,-0.3898371,0.4116876,0.714576,0.03487476,0.3262279,-0.1085173,0.02133037,0.3292699,-0.09486059,-0.2658163,-0.280517,0.4722702,0.7922202,0.02133037,0.3292699,-0.09486059,0.02005488,0.3283513,-0.08187983,0.004089945,-0.06007586,0.5269759,0.8477444,0.07311449,0.3258957,-0.1185939,0.04377801,0.3444067,-0.08164743,-0.1556909,-0.3335319,-0.1169945,0.922404,0.04377801,0.3444067,-0.08164743,0.03361556,0.3328907,-0.07037033,0.3191356,-0.319738,0.05643446,0.8903568,0.03361556,0.3328907,-0.07037033,0.03649034,0.3212872,-0.07702538,-0.8321406,0.2252736,-0.2461613,-0.442943,0.03649034,0.3212872,-0.07702538,0.04185059,0.3178056,-0.08576796,-0.9399369,0.141953,-0.2826685,-0.1283221,0.07776103,0.3275092,-0.1135419,0.05511494,0.3440992,-0.07453313,-0.123034,-0.2811193,-0.2074355,0.928873,0.05511494,0.3440992,-0.07453313,0.04148428,0.3284836,-0.06654666,0.428766,-0.3693115,-0.005437331,0.824463,0.04148428,0.3284836,-0.06654666,0.0462266,0.3174425,-0.08043625,-0.8853769,0.3069809,-0.2352495,-0.2579304,0.0462266,0.3174425,-0.08043625,0.05294712,0.3172254,-0.08930675,-0.9236679,0.2128339,-0.3126638,0.06148669,0.08357783,0.3248452,-0.1073143,0.06875107,0.3383339,-0.06910272,-0.10913,-0.2128668,-0.2537889,0.9372137,0.06875107,0.3383339,-0.06910272,0.05464369,0.321223,-0.06460883,0.5131592,-0.3706288,-0.04949402,0.7725621,0.05464369,0.321223,-0.06460883,0.05784611,0.314972,-0.0776976,-0.9009725,0.3589211,-0.183549,-0.1604177,0.05784611,0.314972,-0.0776976,0.0632715,0.3158484,-0.08486533,-0.9046322,0.2800563,-0.2878145,0.1427304,0.08814161,0.3176493,-0.1049054,0.07999767,0.3301194,-0.06784269,-0.1126997,-0.1528332,-0.3429885,0.9199455,0.07999767,0.3301194,-0.06784269,0.06730006,0.3197022,-0.06476225,0.4934033,-0.40544,-0.1497802,0.7548096,0.06730006,0.3197022,-0.06476225,0.06629135,0.3129003,-0.07781042,-0.8398649,0.4867889,-0.0886374,-0.2231749,0.06629135,0.3129003,-0.07781042,0.07005467,0.3135711,-0.08510857,-0.8672777,0.4367498,-0.1912158,0.1432327
right,0.06246901,0.3321746,-0.08571005,0.1351064,0.09056269,-1.035239,-0.4020214,-0.8597376,0.315008,-0.3916419,0.4724344,0.789571,-0.2111492,-0.2462327,-0.159835,0.9323295,1,0.7115052,0.06708706,0.3166976,-0.1214884,0.06708706,0.3166976,-0.1214884,-0.441377,-0.2546707,0.3564316,0.7831256,0.06708706,0.3166976,-0.1214884,0.03487476,0.3262279,-0.1085173,-0.4097822,-0.3898371,0.4116876,0.714576,0.03487476,0.3262279,-0.1085173,0.02133037,0.3292699,-0.09486059,-0.2658163,-0.280517,0.4722702,0.7922202,0.02133037,0.3292699,-0.09486059,0.02005488,0.3283513,-0.08187983,0.004089945,-0.06007586,0.5269759,0.8477444,0.07311449,0.3258957,-0.1185939,0.04377801,0.3444067,-0.08164743,-0.1556909,-0.3335319,-0.1169945,0.922404,0.04377801,0.3444067,-0.08164743,0.03361556,0.3328907,-0.07037033,0.3191356,-0.319738,0.05643446,0.8903568,0.03361556,0.3328907,-0.07037033,0.03649034,0.3212872,-0.07702538,-0.8321406,0.2252736,-0.2461613,-0.442943,0.03649034,0.3212872,-0.07702538,0.04185059,0.3178056,-0.08576796,-0.9399369,0.141953,-0.2826685,-0.1283221,0.07776103,0.3275092,-0.1135419,0.05511494,0.3440992,-0.07453313,-0.123034,-0.2811193,-0.2074355,0.928873,0.05511494,0.3440992,-0.07453313,0.04148428,0.3284836,-0.06654666,0.428766,-0.3693115,-0.005437331,0.824463,0.04148428,0.3284836,-0.06654666,0.0462266,0.3174425,-0.08043625,-0.8853769,0.3069809,-0.2352495,-0.2579304,0.0462266,0.3174425,-0.08043625,0.05294712,0.3172254,-0.08930675,-0.9236679,0.2128339,-0.3126638,0.06148669,0.08357783,0.3248452,-0.1073143,0.06875107,0.3383339,-0.06910272,-0.10913,-0.2128668,-0.2537889,0.9372137,0.06875107,0.3383339,-0.06910272,0.05464369,0.321223,-0.06460883,0.5131592,-0.3706288,-0.04949402,0.7725621,0.05464369,0.321223,-0.06460883,0.05784611,0.314972,-0.0776976,-0.9009725,0.3589211,-0.183549,-0.1604177,0.05784611,0.314972,-0.0776976,0.0632715,0.3158484,-0.08486533,-0.9046322,0.2800563,-0.2878145,0.1427304,0.08814161,0.3176493,-0.1049054,0.07999767,0.3301194,-0.06784269,-0.1126997,-0.1528332,-0.3429885,0.9199455,0.07999767,0.3301194,-0.06784269,0.06730006,0.3197022,-0.06476225,0.4934033,-0.40544,-0.1497802,0.7548096,0.06730006,0.3197022,-0.06476225,0.06629135,0.3129003,-0.07781042,-0.8398649,0.4867889,-0.0886374,-0.2231749,0.06629135,0.3129003,-0.07781042,0.07005467,0.3135711,-0.08510857,-0.8672777,0.4367498,-0.1912158,0.1432327
right,0.06426156,0.3327173,-0.09468666,0.2059918,0.06237053,-1.031558,-0.4039503,-0.8554341,0.3241246,-0.3954846,0.4828046,0.7813396,-0.2168523,-0.2496102,-0.1589278,0.9302751,1,0.705984,0.06904618,0.3168192,-0.130208,0.06904618,0.3168192,-0.130208,-0.4474213,-0.2542643,0.3568195,0.7796432,0.06904618,0.3168192,-0.130208,0.03679114,0.3264534,-0.1175847,-0.4153716,-0.3897549,0.4133473,0.7104235,0.03679114,0.3264534,-0.1175847,0.02300492,0.3298382,-0.1043251,-0.2799289,-0.2834423,0.47032,0.7874639,0.02300492,0.3298382,-0.1043251,0.02121163,0.3292012,-0.09146742,-0.01560413,-0.07172763,0.5259601,0.8473356,0.07502781,0.3259861,-0.127433,0.04552092,0.3449793,-0.09089427,-0.1614552,-0.3366125,-0.1153764,0.9204958,0.04552092,0.3449793,-0.09089427,0.03505408,0.3338199,-0.07951401,0.3068738,-0.327749,0.05794507,0.8916566,0.03505408,0.3338199,-0.07951401,0.03776701,0.3221273,-0.08594596,-0.824354,0.2379037,-0.2502827,-0.4485543,0.03776701,0.3221273,-0.08594596,0.04317822,0.3184342,-0.09465524,-0.9358206,0.1543137,-0.2873291,-0.1336753,0.07966113,0.3277211,-0.1223762,0.0568309,0.3448189,-0.08371697,-0.1286013,-0.2848126,-0.2060744,0.9272954,0.0568309,0.3448189,-0.08371697,0.04321034,0.3293173,-0.07552069,0.4231094,-0.3693331,-0.002695021,0.827384,0.04321034,0.3293173,-0.07552069,0.04795397,0.3180156,-0.08924732,-0.8832415,0.304698,-0.2375846,-0.2657014,0.04795397,0.3180156,-0.08924732,0.05470996,0.3176723,-0.09812547,-0.9240742,0.2092698,-0.3151167,0.05472095,0.08546555,0.3251128,-0.1160887,0.0704546,0.3390979,-0.07814591,-0.1146219,-0.2168874,-0.2528374,0.9358926,0.0704546,0.3390979,-0.07814591,0.05649736,0.3218528,-0.07350396,0.5125773,-0.3672401,-0.04555495,0.7748058,0.05649736,0.3218528,-0.07350396,0.0598077,0.3154693,-0.0865417,-0.9030656,0.349709,-0.1869809,-0.1649675,0.0598077,0.3154693,-0.0865417,0.06529568,0.3163361,-0.09376453,-0.9075308,0.2696293,-0.2905836,0.1387411,0.09006858,0.3179212,-0.1135577,0.08174344,0.330871,-0.07671597,-0.1178409,-0.1573917,-0.3424319,0.9187392,0.08174344,0.330871,-0.07671597,0.06909932,0.3204218,-0.0734775,0.4901927,-0.4035656,-0.1469511,0.7584532,0.06909932,0.3204218,-0.0734775,0.06811605,0.3134618,-0.0864412,-0.8407313,0.4824069,-0.09133277,-0.2282822,0.06811605,0.3134618,-0.0864412,0.0718995,0.3141013,-0.09381399,-0.8700705,0.4318626,-0.1922744,0.1396514
right,0.06614507,0.332849,-0.1034103,0.217471,0.01519927,-1.007237,-0.4085135,-0.8489918,0.3351561,-0.3991482,0.4963865,0.7708963,-0.2241448,-0.253596,-0.1589441,0.9274616,1,0.6997557,0.07108526,0.3164039,-0.1386008,0.07108526,0.3164039,-0.1386008,-0.4551816,-0.2532946,0.3562839,0.7757018,0.07108526,0.3164039,-0.1386008,0.03871278,0.3261861,-0.1265593,-0.4236099,-0.3909426,0.4145215,0.7041949,0.03871278,0.3261861,-0.1265593,0.02463676,0.3298827,-0.1136707,-0.2938027,-0.2866774,0.469494,0.7817106,0.02463676,0.3298827,-0.1136707,0.02253705,0.3294826,-0.1008503,-0.0296921,-0.0769812,0.526316,0.8462763,0.07704948,0.3255638,-0.1359762,0.04738322,0.3452087,-0.09996703,-0.1689365,-0.3402923,-0.1145022,0.9179057,0.04738322,0.3452087,-0.09996703,0.03670725,0.3343756,-0.0884316,0.2954651,-0.332498,0.05925351,0.8936635,0.03670725,0.3343756,-0.0884316,0.03934159,0.3225785,-0.09459633,-0.8174879,0.2426449,-0.2541879,-0.4563173,0.03934159,0.3225785,-0.09459633,0.04478503,0.3187149,-0.1031969,-0.9327914,0.1577681,-0.2918341,-0.1408623,0.08167306,0.3273866,-0.1309017,0.05865912,0.3451532,-0.09269989,-0.1357698,-0.2892908,-0.205515,0.9250087,0.05865912,0.3451532,-0.09269989,0.04499211,0.3298032,-0.08424094,0.4157555,-0.3699284,-0.00027176,0.8308431,0.04499211,0.3298032,-0.08424094,0.04977333,0.3182476,-0.09775019,-0.8808646,0.3016572,-0.2411608,-0.2737189,0.04977333,0.3182476,-0.09775019,0.05659002,0.3177217,-0.1065828,-0.9238968,0.2044578,-0.320237,0.045387,0.08745819,0.3248469,-0.1245271,0.07225319,0.3394703,-0.0869403,-0.1216113,-0.2217912,-0.2527878,0.9338724,0.07225319,0.3394703,-0.0869403,0.05835769,0.3222169,-0.08213656,0.5092635,-0.3670045,-0.04166979,0.7773172,0.05835769,0.3222169,-0.08213656,0.06173386,0.3155984,-0.0950821,-0.9027151,0.3446137,-0.1911812,-0.1726167,0.06173386,0.3155984,-0.0950821,0.06727761,0.3164012,-0.1022958,-0.9089319,0.2622189,-0.2953709,0.1335667,0.09206127,0.317675,-0.1218599,0.08354111,0.3312277,-0.08531285,-0.1243166,-0.1629563,-0.3428424,0.9167604,0.08354111,0.3312277,-0.08531285,0.07081772,0.3208726,-0.08201206,0.4837849,-0.4090525,-0.1429045,0.7603989,0.07081772,0.3208726,-0.08201206,0.06991117,0.3136724,-0.09488454,-0.8374276,0.4840121,-0.09858356,-0.2339415,0.06991117,0.3136724,-0.09488454,0.07377845,0.3141935,-0.1022155,-0.86949,0.430528,-0.2007053,0.1354627
right,0.06614507,0.332849,-0.1034103,0.217471,0.01519927,-1.007237,-0.4085135,-0.8489918,0.3351561,-0.3991482,0.4963865,0.7708963,-0.2241448,-0.253596,-0.1589441,0.9274616,1,0.6997557,0.07108526,0.3164039,-0.1386008,0.07108526,0.3164039,-0.1386008,-0.4551816,-0.2532946,0.3562839,0.7757018,0.07108526,0.3164039,-0.1386008,0.03871278,0.3261861,-0.1265593,-0.4236099,-0.3909426,0.4145215,0.7041949,0.03871278,0.3261861,-0.1265593,0.02463676,0.3298827,-0.1136707,-0.2938027,-0.2866774,0.469494,0.7817106,0.02463676,0.3298827,-0.1136707,0.02253705,0.3294826,-0.1008503,-0.0296921,-0.0769812,0.526316,0.8462763,0.07704948,0.3255638,-0.1359762,0.04738322,0.3452087,-0.09996703,-0.1689365,-0.3402923,-0.1145022,0.9179057,0.04738322,0.3452087,-0.09996703,0.03670725,0.3343756,-0.0884316,0.2954651,-0.332498,0.05925351,0.8936635,0.03670725,0.3343756,-0.0884316,0.03934159,0.3225785,-0.09459633,-0.8174879,0.2426449,-0.2541879,-0.4563173,0.03934159,0.3225785,-0.09459633,0.04478503,0.3187149,-0.1031969,-0.9327914,0.1577681,-0.2918341,-0.1408623,0.08167306,0.3273866,-0.1309017,0.05865912,0.3451532,-0.09269989,-0.1357698,-0.2892908,-0.205515,0.9250087,0.05865912,0.3451532,-0.09269989,0.04499211,0.3298032,-0.08424094,0.4157555,-0.3699284,-0.00027176,0.8308431,0.04499211,0.3298032,-0.08424094,0.04977333,0.3182476,-0.09775019,-0.8808646,0.3016572,-0.2411608,-0.2737189,0.04977333,0.3182476,-0.09775019,0.05659002,0.3177217,-0.1065828,-0.9238968,0.2044578,-0.320237,0.045387,0.08745819,0.3248469,-0.1245271,0.07225319,0.3394703,-0.0869403,-0.1216113,-0.2217912,-0.2527878,0.9338724,0.07225319,0.3394703,-0.0869403,0.05835769,0.3222169,-0.08213656,0.5092635,-0.3670045,-0.04166979,0.7773172,0.05835769,0.3222169,-0.08213656,0.06173386,0.3155984,-0.0950821,-0.9027151,0.3446137,-0.1911812,-0.1726167,0.06173386,0.3155984,-0.0950821,0.06727761,0.3164012,-0.1022958,-0.9089319,0.2622189,-0.2953709,0.1335667,0.09206127,0.317675,-0.1218599,0.08354111,0.3312277,-0.08531285,-0.1243166,-0.1629563,-0.3428424,0.9167604,0.08354111,0.3312277,-0.08531285,0.07081772,0.3208726,-0.08201206,0.4837849,-0.4090525,-0.1429045,0.7603989,0.07081772,0.3208726,-0.08201206,0.06991117,0.3136724,-0.09488454,-0.8374276,0.4840121,-0.09858356,-0.2339415,0.06991117,0.3136724,-0.09488454,0.07377845,0.3141935,-0.1022155,-0.86949,0.430528,-0.2007053,0.1354627
right,0.06788526,0.332602,-0.1115043,0.1994027,-0.02830022,-0.9274569,-0.4168398,-0.8459218,0.3326573,-0.4022639,0.4998533,0.767027,-0.2248199,-0.2567927,-0.1627733,0.9257529,1,0.7085224,0.07302758,0.31609,-0.1466372,0.07302758,0.31609,-0.1466372,-0.4579073,-0.2548229,0.3519861,0.7755591,0.07302758,0.31609,-0.1466372,0.04044386,0.3257522,-0.1350887,-0.4259414,-0.3971224,0.4124558,0.700534,0.04044386,0.3257522,-0.1350887,0.02610422,0.3294691,-0.1223526,-0.2976065,-0.292342,0.4678043,0.7791827,0.02610422,0.3294691,-0.1223526,0.02400933,0.3290335,-0.1095514,-0.02851595,-0.07764317,0.5268361,0.8459327,0.07902726,0.3252153,-0.1439674,0.0491702,0.3451095,-0.1081995,-0.1700757,-0.3436048,-0.1180242,0.9160132,0.0491702,0.3451095,-0.1081995,0.03823873,0.3346147,-0.09701594,0.2902812,-0.3447234,0.05811606,0.8908003,0.03823873,0.3346147,-0.09701594,0.04076928,0.322789,-0.1030386,-0.8107269,0.2561613,-0.2601193,-0.4576475,0.04076928,0.322789,-0.1030386,0.04627725,0.3187805,-0.1115817,-0.9282737,0.1709894,-0.2978141,-0.1427493,0.08361577,0.3269877,-0.1388695,0.06038517,0.344961,-0.1008502,-0.1363685,-0.2927919,-0.2089493,0.9230475,0.06038517,0.344961,-0.1008502,0.04652244,0.3296426,-0.09293391,0.4188863,-0.3816159,0.002733167,0.8239515,0.04652244,0.3296426,-0.09293391,0.05144007,0.3180543,-0.1064154,-0.8764319,0.3119539,-0.248225,-0.2700672,0.05144007,0.3180543,-0.1064154,0.05836741,0.3174584,-0.1151418,-0.9195259,0.2133599,-0.3267437,0.04677816,0.08932199,0.324419,-0.1324791,0.0738903,0.3391949,-0.09500698,-0.1217977,-0.2254023,-0.2562286,0.932044,0.0738903,0.3391949,-0.09500698,0.05980362,0.321926,-0.09050607,0.5107566,-0.3743582,-0.04003933,0.7729039,0.05980362,0.321926,-0.09050607,0.06341015,0.3152904,-0.1035507,-0.9008913,0.3480012,-0.197679,-0.1679673,0.06341015,0.3152904,-0.1035507,0.06907734,0.3161033,-0.110704,-0.9059847,0.2637399,-0.3015516,0.1367468,0.09384029,0.3172552,-0.1297774,0.08509973,0.3309147,-0.09328917,-0.1239272,-0.1665375,-0.3462692,0.9148797,0.08509973,0.3309147,-0.09328917,0.07215956,0.3206143,-0.09012692,0.482196,-0.4166408,-0.1424415,0.7573691,0.07215956,0.3206143,-0.09012692,0.07135205,0.3134282,-0.1030775,-0.8338757,0.4911273,-0.1027926,-0.2299546,0.07135205,0.3134282,-0.1030775,0.07534934,0.3139383,-0.1103791,-0.8650522,0.4352506,-0.2068778,0.1394394
right,0.06788526,0.332602,-0.1115043,0.1994027,-0.02830022,-0.9274569,-0.4168398,-0.8459218,0.3326573,-0.4022639,0.4998533,0.767027,-0.2248199,-0.2567927,-0.1627733,0.9257529,1,0.7085224,0.07302758,0.31609,-0.1466372,0.07302758,0.31609,-0.1466372,-0.4579073,-0.2548229,0.3519861,0.7755591,0.07302758,0.31609,-0.1466372,0.04044386,0.3257522,-0.1350887,-0.4259414,-0.3971224,0.4124558,0.700534,0.04044386,0.3257522,-0.1350887,0.02610422,0.3294691,-0.1223526,-0.2976065,-0.292342,0.4678043,0.7791827,0.02610422,0.3294691,-0.1223526,0.02400933,0.3290335,-0.1095514,-0.02851595,-0.07764317,0.5268361,0.8459327,0.07902726,0.3252153,-0.1439674,0.0491702,0.3451095,-0.1081995,-0.1700757,-0.3436048,-0.1180242,0.9160132,0.0491702,0.3451095,-0.1081995,0.03823873,0.3346147,-0.09701594,0.2902812,-0.3447234,0.05811606,0.8908003,0.03823873,0.3346147,-0.09701594,0.04076928,0.322789,-0.1030386,-0.8107269,0.2561613,-0.2601193,-0.4576475,0.04076928,0.322789,-0.1030386,0.04627725,0.3187805,-0.1115817,-0.9282737,0.1709894,-0.2978141,-0.1427493,0.08361577,0.3269877,-0.1388695,0.06038517,0.344961,-0.1008502,-0.1363685,-0.2927919,-0.2089493,0.9230475,0.06038517,0.344961,-0.1008502,0.04652244,0.3296426,-0.09293391,0.4188863,-0.3816159,0.002733167,0.8239515,0.04652244,0.3296426,-0.09293391,0.05144007,0.3180543,-0.1064154,-0.8764319,0.3119539,-0.248225,-0.2700672,0.05144007,0.3180543,-0.1064154,0.05836741,0.3174584,-0.1151418,-0.9195259,0.2133599,-0.3267437,0.04677816,0.08932199,0.324419,-0.1324791,0.0738903,0.3391949,-0.09500698,-0.1217977,-0.2254023,-0.2562286,0.932044,0.0738903,0.3391949,-0.09500698,0.05980362,0.321926,-0.09050607,0.5107566,-0.3743582,-0.04003933,0.7729039,0.05980362,0.321926,-0.09050607,0.06341015,0.3152904,-0.1035507,-0.9008913,0.3480012,-0.197679,-0.1679673,0.06341015,0.3152904,-0.1035507,0.06907734,0.3161033,-0.110704,-0.9059847,0.2637399,-0.3015516,0.1367468,0.09384029,0.3172552,-0.1297774,0.08509973,0.3309147,-0.09328917,-0.1239272,-0.1665375,-0.3462692,0.9148797,0.08509973,0.3309147,-0.09328917,0.07215956,0.3206143,-0.09012692,0.482196,-0.4166408,-0.1424415,0.7573691,0.07215956,0.3206143,-0.09012692,0.07135205,0.3134282,-0.1030775,-0.8338757,0.4911273,-0.1027926,-0.2299546,0.07135205,0.3134282,-0.1030775,0.07534934,0.3139383,-0.1103791,-0.8650522,0.4352506,-0.2068778,0.1394394
right,0.06933485,0.3324544,-0.119498,0.1685764,-0.0171692,-0.9296132,-0.4248945,-0.8442799,0.3265825,-0.4121067,0.5016199,0.7606218,-0.2242188,-0.2634673,-0.1660903,0.923431,1,0.7198537,0.0749399,0.3159185,-0.1545199,0.0749399,0.3159185,-0.1545199,-0.4611874,-0.2598321,0.3471465,0.7741336,0.0749399,0.3159185,-0.1545199,0.04202732,0.3254836,-0.1434344,-0.4277791,-0.4039002,0.4096722,0.6971645,0.04202732,0.3254836,-0.1434344,0.02754591,0.3291921,-0.1309617,-0.3011434,-0.2983057,0.4652219,0.7771068,0.02754591,0.3291921,-0.1309617,0.02525271,0.3287465,-0.1182545,-0.03241217,-0.08479701,0.5264807,0.8453265,0.08090704,0.3250407,-0.1517593,0.05060712,0.3450392,-0.1164894,-0.169971,-0.3502918,-0.1208907,0.9131215,0.05060712,0.3450392,-0.1164894,0.03916956,0.3346455,-0.1056265,0.28629,-0.3612691,0.05985313,0.8854041,0.03916956,0.3346455,-0.1056265,0.04160952,0.3227952,-0.1115273,-0.8022669,0.2748576,-0.2693247,-0.4563829,0.04160952,0.3227952,-0.1115273,0.04726056,0.318682,-0.1199171,-0.9214868,0.1871277,-0.3095396,-0.1415293,0.08542555,0.3267725,-0.1465812,0.06170421,0.3448292,-0.1089605,-0.1354824,-0.2996127,-0.211579,0.9203864,0.06170421,0.3448292,-0.1089605,0.04726141,0.3295366,-0.1016031,0.417132,-0.4011477,0.007372501,0.8154919,0.04726141,0.3295366,-0.1016031,0.05225429,0.3179585,-0.1150976,-0.8674407,0.3359869,-0.2572074,-0.2617323,0.05225429,0.3179585,-0.1150976,0.0594601,0.3173429,-0.1236659,-0.9097399,0.2333724,-0.3386675,0.05670035,0.09104633,0.3241889,-0.1401136,0.07511286,0.3390229,-0.1029197,-0.1204327,-0.2323293,-0.2587754,0.9298142,0.07511286,0.3390229,-0.1029197,0.06066804,0.3217017,-0.09889421,0.5113544,-0.3881541,-0.03511448,0.7659112,0.06066804,0.3217017,-0.09889421,0.0644773,0.3150615,-0.1120168,-0.8952217,0.361195,-0.2051408,-0.161349,0.0644773,0.3150615,-0.1120168,0.07039881,0.3159207,-0.1190339,-0.8979661,0.2722458,-0.3130372,0.1467885,0.09550962,0.31702,-0.1373771,0.08627146,0.3307142,-0.1010638,-0.1217671,-0.1733497,-0.3488105,0.9129369,0.08627146,0.3307142,-0.1010638,0.07323229,0.3204067,-0.09808498,0.4831799,-0.4222971,-0.1400316,0.7540514,0.07323229,0.3204067,-0.09808498,0.07259241,0.3132115,-0.1110781,-0.8328558,0.4933107,-0.1082779,-0.2264322,0.07259241,0.3132115,-0.1110781,0.07670355,0.3137265,-0.1182815,-0.8630466,0.4342447,-0.2143002,0.1437269
right,0.07083167,0.331655,-0.1275141,0.1723263,-0.09203079,-0.9228773,-0.4291899,-0.8446923,0.3198295,-0.4230707,0.5008627,0.7550812,-0.2226143,-0.2700042,-0.1676208,0.9216528,1,0.7355855,0.07696474,0.3151642,-0.1624399,0.07696474,0.3151642,-0.1624399,-0.4632887,-0.2655551,0.3438917,0.7723876,0.07696474,0.3151642,-0.1624399,0.04384656,0.3245819,-0.1517199,-0.4284291,-0.4096501,0.4076654,0.694582,0.04384656,0.3245819,-0.1517199,0.02913102,0.3282552,-0.1394832,-0.3045096,-0.3054788,0.4632236,0.7741967,0.02913102,0.3282552,-0.1394832,0.02673062,0.3278365,-0.1268476,-0.0356543,-0.08817005,0.5262099,0.8450195,0.08282036,0.3242977,-0.1595773,0.05200571,0.3442627,-0.1247164,-0.168678,-0.3567614,-0.122073,0.910696,0.05200571,0.3442627,-0.1247164,0.04011475,0.3338675,-0.1140585,0.2832632,-0.3742782,0.06222511,0.8807984,0.04011475,0.3338675,-0.1140585,0.04251234,0.3220272,-0.1198605,-0.7956756,0.2887313,-0.2773629,-0.4545377,0.04251234,0.3220272,-0.1198605,0.04834508,0.3179097,-0.1281302,-0.9163338,0.1969695,-0.3206961,-0.1367091,0.08727105,0.3260106,-0.1543735,0.06300342,0.3440337,-0.1170693,-0.1335512,-0.3060928,-0.212492,0.9183237,0.06300342,0.3440337,-0.1170693,0.04840035,0.3286194,-0.1100779,0.4195639,-0.4093804,0.01193808,0.810081,0.04840035,0.3286194,-0.1100779,0.05356224,0.3171153,-0.1235728,-0.8646879,0.3430077,-0.2630929,-0.2558179,0.05356224,0.3171153,-0.1235728,0.06092113,0.3165737,-0.1319946,-0.9054142,0.2372756,-0.3461625,0.06400818,0.09283946,0.3234127,-0.147863,0.07636835,0.3382152,-0.1108774,-0.1181744,-0.2388566,-0.2595516,0.9282324,0.07636835,0.3382152,-0.1108774,0.06200996,0.3206331,-0.107255,0.5182092,-0.3907279,-0.02947797,0.7602118,0.06200996,0.3206331,-0.107255,0.0659898,0.3140344,-0.1204607,-0.8955317,0.3603816,-0.2085298,-0.1570459,0.0659898,0.3140344,-0.1204607,0.07197041,0.3150743,-0.1274139,-0.8967617,0.2692093,-0.3141037,0.1571105,0.09728654,0.3162224,-0.1451162,0.08752489,0.3298879,-0.108917,-0.1188856,-0.1797226,-0.3495733,0.9117919,0.08752489,0.3298879,-0.108917,0.07456233,0.3195683,-0.1060359,0.4850561,-0.4231576,-0.1378225,0.7527703,0.07456233,0.3195683,-0.1060359,0.0741206,0.3123266,-0.1190343,-0.8353993,0.4885737,-0.1136495,-0.2246945,0.0741206,0.3123266,-0.1190343,0.07831945,0.3128407,-0.126193,-0.8649966,0.4268977,-0.2205352,0.1445802
right,0.07083167,0.331655,-0.1275141,0.1723263,-0.09203079,-0.9228773,-0.4291899,-0.8446923,0.3198295,-0.4230707,0.5008627,0.7550812,-0.2226143,-0.2700042,-0.1676208,0.9216528,1,0.7355855,0.07696474,0.3151642,-0.1624399,0.07696474,0.3151642,-0.1624399,-0.4632887,-0.2655551,0.3438917,0.7723876,0.07696474,0.3151642,-0.1624399,0.04384656,0.3245819,-0.1517199,-0.4284291,-0.4096501,0.4076654,0.694582,0.04384656,0.3245819,-0.1517199,0.02913102,0.3282552,-0.1394832,-0.3045096,-0.3054788,0.4632236,0.7741967,0.02913102,0.3282552,-0.1394832,0.02673062,0.3278365,-0.1268476,-0.0356543,-0.08817005,0.5262099,0.8450195,0.08282036,0.3242977,-0.1595773,0.05200571,0.3442627,-0.1247164,-0.168678,-0.3567614,-0.122073,0.910696,0.05200571,0.3442627,-0.1247164,0.04011475,0.3338675,-0.1140585,0.2832632,-0.3742782,0.06222511,0.8807984,0.04011475,0.3338675,-0.1140585,0.04251234,0.3220272,-0.1198605,-0.7956756,0.2887313,-0.2773629,-0.4545377,0.04251234,0.3220272,-0.1198605,0.04834508,0.3179097,-0.1281302,-0.9163338,0.1969695,-0.3206961,-0.1367091,0.08727105,0.3260106,-0.1543735,0.06300342,0.3440337,-0.1170693,-0.1335512,-0.3060928,-0.212492,0.9183237,0.06300342,0.3440337,-0.1170693,0.04840035,0.3286194,-0.1100779,0.4195639,-0.4093804,0.01193808,0.810081,0.04840035,0.3286194,-0.1100779,0.05356224,0.3171153,-0.1235728,-0.8646879,0.3430077,-0.2630929,-0.2558179,0.05356224,0.3171153,-0.1235728,0.06092113,0.3165737,-0.1319946,-0.9054142,0.2372756,-0.3461625,0.06400818,0.09283946,0.3234127,-0.147863,0.07636835,0.3382152,-0.1108774,-0.1181744,-0.2388566,-0.2595516,0.9282324,0.07636835,0.3382152,-0.1108774,0.06200996,0.3206331,-0.107255,0.5182092,-0.3907279,-0.02947797,0.7602118,0.06200996,0.3206331,-0.107255,0.0659898,0.3140344,-0.1204607,-0.8955317,0.3603816,-0.2085298,-0.1570459,0.0659898,0.3140344,-0.1204607,0.07197041,0.3150743,-0.1274139,-0.8967617,0.2692093,-0.3141037,0.1571105,0.09728654,0.3162224,-0.1451162,0.08752489,0.3298879,-0.108917,-0.1188856,-0.1797226,-0.3495733,0.9117919,0.08752489,0.3298879,-0.108917,0.07456233,0.3195683,-0.1060359,0.4850561,-0.4231576,-0.1378225,0.7527703,0.07456233,0.3195683,-0.1060359,0.0741206,0.3123266,-0.1190343,-0.8353993,0.4885737,-0.1136495,-0.2246945,0.0741206,0.3123266,-0.1190343,0.07831945,0.3128407,-0.126193,-0.8649966,0.4268977,-0.2205352,0.1445802
right,0.07229792,0.3301873,-0.1351899,0.1688834,-0.169051,-0.8841034,-0.4339162,-0.8441423,0.314866,-0.4311833,0.5014299,0.7500994,-0.2218289,-0.2752131,-0.1694722,0.9199613,1,0.7423075,0.07874829,0.3137198,-0.1699931,0.07874829,0.3137198,-0.1699931,-0.46546,-0.2697361,0.3407274,0.7710345,0.07874829,0.3137198,-0.1699931,0.04551895,0.3230018,-0.1595378,-0.4285021,-0.4139782,0.4061782,0.69284,0.04551895,0.3230018,-0.1595378,0.03065398,0.3266354,-0.1474692,-0.3064267,-0.3106068,0.4617556,0.7722745,0.03065398,0.3266354,-0.1474692,0.027997,0.3262429,-0.1348576,-0.04180249,-0.09601621,0.5259519,0.8440427,0.084552,0.3228488,-0.1670715,0.05339171,0.3428335,-0.1326068,-0.1682111,-0.3619375,-0.1236033,0.908531,0.05339171,0.3428335,-0.1326068,0.04118657,0.3323986,-0.1219913,0.281183,-0.3810523,0.06304968,0.8784987,0.04118657,0.3323986,-0.1219913,0.04353337,0.320619,-0.1277021,-0.7918283,0.2961542,-0.2812576,-0.4540868,0.04353337,0.320619,-0.1277021,0.04950535,0.3165821,-0.135987,-0.9147155,0.2012576,-0.3256977,-0.1292751,0.08898239,0.3245332,-0.1618454,0.06433122,0.3425699,-0.1248641,-0.1325292,-0.3113381,-0.213823,0.9163975,0.06433122,0.3425699,-0.1248641,0.04942405,0.3270168,-0.1178458,0.4176169,-0.4131825,0.01283893,0.8091425,0.04942405,0.3270168,-0.1178458,0.05463245,0.3155448,-0.1312636,-0.8629399,0.3461717,-0.2660236,-0.2544236,0.05463245,0.3155448,-0.1312636,0.06223458,0.3151052,-0.1397008,-0.9028773,0.2366262,-0.351864,0.07079795,0.09452078,0.3219194,-0.155281,0.0776573,0.3367293,-0.1185274,-0.1168384,-0.2441712,-0.2608004,0.9266673,0.0776573,0.3367293,-0.1185274,0.06316456,0.3189498,-0.1150533,0.5195724,-0.393917,-0.02668513,0.7577347,0.06316456,0.3189498,-0.1150533,0.0672574,0.3123184,-0.1282901,-0.8946044,0.3613304,-0.2118245,-0.1557355,0.0672574,0.3123184,-0.1282901,0.07339507,0.3134829,-0.1352904,-0.8952052,0.2676873,-0.3163552,0.1639225,0.09894797,0.3147132,-0.1525041,0.08879433,0.3283788,-0.1164582,-0.1169903,-0.1849447,-0.3508161,0.9105146,0.08879433,0.3283788,-0.1164582,0.07579748,0.3180534,-0.1136364,0.4850769,-0.4253277,-0.136477,0.7517784,0.07579748,0.3180534,-0.1136364,0.07543601,0.3107741,-0.1266027,-0.8352221,0.4881259,-0.1167839,-0.2247189,0.07543601,0.3107741,-0.1266027,0.07975667,0.3112678,-0.1336664,-0.8642854,0.4228348,-0.2295451,0.146733
right,0.07229792,0.3301873,-0.1351899,0.1688834,-0.169051,-0.8841034,-0.4339162,-0.8441423,0.314866,-0.4311833,0.5014299,0.7500994,-0.2218289,-0.2752131,-0.1694722,0.9199613,1,0.7423075,0.07874829,0.3137198,-0.1699931,0.07874829,0.3137198,-0.1699931,-0.46546,-0.2697361,0.3407274,0.7710345,0.07874829,0.3137198,-0.1699931,0.04551895,0.3230018,-0.1595378,-0.4285021,-0.4139782,0.4061782,0.69284,0.04551895,0.3230018,-0.1595378,0.03065398,0.3266354,-0.1474692,-0.3064267,-0.3106068,0.4617556,0.7722745,0.03065398,0.3266354,-0.1474692,0.027997,0.3262429,-0.1348576,-0.04180249,-0.09601621,0.5259519,0.8440427,0.084552,0.3228488,-0.1670715,0.05339171,0.3428335,-0.1326068,-0.1682111,-0.3619375,-0.1236033,0.908531,0.05339171,0.3428335,-0.1326068,0.04118657,0.3323986,-0.1219913,0.281183,-0.3810523,0.06304968,0.8784987,0.04118657,0.3323986,-0.1219913,0.04353337,0.320619,-0.1277021,-0.7918283,0.2961542,-0.2812576,-0.4540868,0.04353337,0.320619,-0.1277021,0.04950535,0.3165821,-0.135987,-0.9147155,0.2012576,-0.3256977,-0.1292751,0.08898239,0.3245332,-0.1618454,0.06433122,0.3425699,-0.1248641,-0.1325292,-0.3113381,-0.213823,0.9163975,0.06433122,0.3425699,-0.1248641,0.04942405,0.3270168,-0.1178458,0.4176169,-0.4131825,0.01283893,0.8091425,0.04942405,0.3270168,-0.1178458,0.05463245,0.3155448,-0.1312636,-0.8629399,0.3461717,-0.2660236,-0.2544236,0.05463245,0.3155448,-0.1312636,0.06223458,0.3151052,-0.1397008,-0.9028773,0.2366262,-0.351864,0.07079795,0.09452078,0.3219194,-0.155281,0.0776573,0.3367293,-0.1185274,-0.1168384,-0.2441712,-0.2608004,0.9266673,0.0776573,0.3367293,-0.1185274,0.06316456,0.3189498,-0.1150533,0.5195724,-0.393917,-0.02668513,0.7577347,0.06316456,0.3189498,-0.1150533,0.0672574,0.3123184,-0.1282901,-0.8946044,0.3613304,-0.2118245,-0.1557355,0.0672574,0.3123184,-0.1282901,0.07339507,0.3134829,-0.1352904,-0.8952052,0.2676873,-0.3163552,0.1639225,0.09894797,0.3147132,-0.1525041,0.08879433,0.3283788,-0.1164582,-0.1169903,-0.1849447,-0.3508161,0.9105146,0.08879433,0.3283788,-0.1164582,0.07579748,0.3180534,-0.1136364,0.4850769,-0.4253277,-0.136477,0.7517784,0.07579748,0.3180534,-0.1136364,0.07543601,0.3107741,-0.1266027,-0.8352221,0.4881259,-0.1167839,-0.2247189,0.07543601,0.3107741,-0.1266027,0.07975667,0.3112678,-0.1336664,-0.8642854,0.4228348,-0.2295451,0.146733
right,0.07366091,0.3284807,-0.1424888,0.1537321,-0.1924807,-0.8232508,-0.4354321,-0.8451426,0.310053,-0.4416957,0.5006851,0.7444591,-0.2206872,-0.2811897,-0.1694871,0.9184246,1,0.7582948,0.08059699,0.3120387,-0.1771612,0.08059699,0.3120387,-0.1771612,-0.4673978,-0.2749816,0.3390069,0.7687644,0.08059699,0.3120387,-0.1771612,0.04706035,0.3208586,-0.1670006,-0.4264107,-0.4214037,0.4074659,0.6888863,0.04706035,0.3208586,-0.1670006,0.03203269,0.324248,-0.1550575,-0.3048982,-0.3173096,0.4644665,0.7685198,0.03203269,0.324248,-0.1550575,0.02925037,0.32381,-0.1424435,-0.04334271,-0.1006897,0.530182,0.8407676,0.08625552,0.3211952,-0.1741844,0.05462164,0.3411145,-0.1401161,-0.1672292,-0.3677554,-0.1232807,0.9064173,0.05462164,0.3411145,-0.1401161,0.04219742,0.3307138,-0.129793,0.2797461,-0.3912539,0.06678704,0.8741865,0.04219742,0.3307138,-0.129793,0.04453368,0.3189961,-0.135438,-0.7869083,0.3071849,-0.2883354,-0.4508609,0.04453368,0.3189961,-0.135438,0.05061555,0.314959,-0.1435861,-0.9101665,0.2097691,-0.3343686,-0.125664,0.09063605,0.3228673,-0.1689404,0.06548526,0.340858,-0.1322748,-0.1310676,-0.3171833,-0.2132847,0.9147271,0.06548526,0.340858,-0.1322748,0.05050328,0.3252972,-0.1252806,0.4159365,-0.4158997,0.0152863,0.8085732,0.05050328,0.3252972,-0.1252806,0.05577062,0.3138005,-0.1386098,-0.8613843,0.3474844,-0.269129,-0.2546395,0.05577062,0.3138005,-0.1386098,0.06345347,0.3133865,-0.147021,-0.9017447,0.2361939,-0.3546484,0.07275685,0.09615155,0.3202511,-0.1623344,0.07879937,0.3350361,-0.1257992,-0.1151845,-0.2500733,-0.2601713,0.9254765,0.07879937,0.3350361,-0.1257992,0.06425948,0.3172047,-0.1225418,0.5199866,-0.399403,-0.021954,0.7547246,0.06425948,0.3172047,-0.1225418,0.06846222,0.3105395,-0.1357978,-0.8922319,0.3656824,-0.2157528,-0.1537835,0.06846222,0.3105395,-0.1357978,0.07466364,0.3117417,-0.1427603,-0.8928549,0.2703977,-0.318505,0.1680768,0.1006046,0.3130518,-0.1595287,0.08997347,0.3267106,-0.1236184,-0.1148617,-0.1907763,-0.3502259,0.9098093,0.08997347,0.3267106,-0.1236184,0.07706454,0.316357,-0.120913,0.4870126,-0.426785,-0.1328417,0.7503508,0.07706454,0.316357,-0.120913,0.07683754,0.3090517,-0.1338682,-0.8362889,0.4859006,-0.1207267,-0.2234875,0.07683754,0.3090517,-0.1338682,0.08120134,0.3095521,-0.1408837,-0.8650254,0.4189518,-0.2331298,0.1478546
right,0.07366091,0.3284807,-0.1424888,0.1537321,-0.1924807,-0.8232508,-0.4354321,-0.8451426,0.310053,-0.4416957,0.5006851,0.7444591,-0.2206872,-0.2811897,-0.1694871,0.9184246,1,0.7582948,0.08059699,0.3120387,-0.1771612,0.08059699,0.3120387,-0.1771612,-0.4673978,-0.2749816,0.3390069,0.7687644,0.08059699,0.3120387,-0.1771612,0.04706035,0.3208586,-0.1670006,-0.4264107,-0.4214037,0.4074659,0.6888863,0.04706035,0.3208586,-0.1670006,0.03203269,0.324248,-0.1550575,-0.3048982,-0.3173096,0.4644665,0.7685198,0.03203269,0.324248,-0.1550575,0.02925037,0.32381,-0.1424435,-0.04334271,-0.1006897,0.530182,0.8407676,0.08625552,0.3211952,-0.1741844,0.05462164,0.3411145,-0.1401161,-0.1672292,-0.3677554,-0.1232807,0.9064173,0.05462164,0.3411145,-0.1401161,0.04219742,0.3307138,-0.129793,0.2797461,-0.3912539,0.06678704,0.8741865,0.04219742,0.3307138,-0.129793,0.04453368,0.3189961,-0.135438,-0.7869083,0.3071849,-0.2883354,-0.4508609,0.04453368,0.3189961,-0.135438,0.05061555,0.314959,-0.1435861,-0.9101665,0.2097691,-0.3343686,-0.125664,0.09063605,0.3228673,-0.1689404,0.06548526,0.340858,-0.1322748,-0.1310676,-0.3171833,-0.2132847,0.9147271,0.06548526,0.340858,-0.1322748,0.05050328,0.3252972,-0.1252806,0.4159365,-0.4158997,0.0152863,0.8085732,0.05050328,0.3252972,-0.1252806,0.05577062,0.3138005,-0.1386098,-0.8613843,0.3474844,-0.269129,-0.2546395,0.05577062,0.3138005,-0.1386098,0.06345347,0.3133865,-0.147021,-0.9017447,0.2361939,-0.3546484,0.07275685,0.09615155,0.3202511,-0.1623344,0.07879937,0.3350361,-0.1257992,-0.1151845,-0.2500733,-0.2601713,0.9254765,0.07879937,0.3350361,-0.1257992,0.06425948,0.3172047,-0.1225418,0.5199866,-0.399403,-0.021954,0.7547246,0.06425948,0.3172047,-0.1225418,0.06846222,0.3105395,-0.1357978,-0.8922319,0.3656824,-0.2157528,-0.1537835,0.06846222,0.3105395,-0.1357978,0.07466364,0.3117417,-0.1427603,-0.8928549,0.2703977,-0.318505,0.1680768,0.1006046,0.3130518,-0.1595287,0.08997347,0.3267106,-0.1236184,-0.1148617,-0.1907763,-0.3502259,0.9098093,0.08997347,0.3267106,-0.1236184,0.07706454,0.316357,-0.120913,0.4870126,-0.426785,-0.1328417,0.7503508,0.07706454,0.316357,-0.120913,0.07683754,0.3090517,-0.1338682,-0.8362889,0.4859006,-0.1207267,-0.2234875,0.07683754,0.3090517,-0.1338682,0.08120134,0.3095521,-0.1408837,-0.8650254,0.4189518,-0.2331298,0.1478546
right,0.07504408,0.3263543,-0.1494741,0.1634956,-0.2513475,-0.8256764,-0.436501,-0.8466075,0.3045038,-0.450029,0.4985182,0.7409139,-0.2188279,-0.2857576,-0.1697369,0.9174129,1,0.7658882,0.08239249,0.3100029,-0.1840802,0.08239249,0.3100029,-0.1840802,-0.4681253,-0.2794994,0.3373899,0.7674026,0.08239249,0.3100029,-0.1840802,0.04860619,0.318397,-0.1741953,-0.4242136,-0.4283366,0.4081824,0.6855346,0.04860619,0.318397,-0.1741953,0.03342683,0.3215086,-0.162315,-0.3017455,-0.3236053,0.4674152,0.7653446,0.03342683,0.3215086,-0.162315,0.03054572,0.3209253,-0.1497203,-0.04132937,-0.1066687,0.5355759,0.8367031,0.08795967,0.3191531,-0.1810437,0.05592759,0.3389625,-0.1472275,-0.1655062,-0.3722396,-0.1233529,0.9048919,0.05592759,0.3389625,-0.1472275,0.0435136,0.3285453,-0.1371167,0.281444,-0.3951271,0.06921603,0.8717069,0.0435136,0.3285453,-0.1371167,0.0458901,0.3168721,-0.1427629,-0.7859998,0.3104033,-0.2916403,-0.4481071,0.0458901,0.3168721,-0.1427629,0.05200557,0.3128452,-0.150827,-0.9083805,0.2121698,-0.3381185,-0.1245179,0.09228455,0.3208095,-0.1757819,0.06671932,0.3386993,-0.1393067,-0.1289592,-0.3215974,-0.2131316,0.9135204,0.06671932,0.3386993,-0.1393067,0.05185422,0.3230313,-0.1323818,0.4186597,-0.4148066,0.01750381,0.8076839,0.05185422,0.3230313,-0.1323818,0.05718569,0.3115447,-0.1457012,-0.8623881,0.3444537,-0.2698721,-0.2545731,0.05718569,0.3115447,-0.1457012,0.06487354,0.3112109,-0.1541287,-0.9028177,0.2327095,-0.353757,0.07498354,0.09775341,0.3182028,-0.1691626,0.08000084,0.3329023,-0.1327471,-0.1129164,-0.2544858,-0.259876,0.9246358,0.08000084,0.3329023,-0.1327471,0.0654494,0.3150081,-0.1296707,0.5212585,-0.4027177,-0.01875765,0.7521676,0.0654494,0.3150081,-0.1296707,0.06975123,0.308327,-0.1429466,-0.8911006,0.3673705,-0.2187193,-0.1521202,0.06975123,0.308327,-0.1429466,0.07601836,0.3095748,-0.1498794,-0.8913131,0.2705747,-0.3207756,0.1716194,0.1021939,0.3110078,-0.1663488,0.09117579,0.3245964,-0.1304951,-0.1122361,-0.195043,-0.3498993,0.9093579,0.09117579,0.3245964,-0.1304951,0.07837396,0.314206,-0.1280147,0.491353,-0.4291745,-0.129001,0.7468201,0.07837396,0.314206,-0.1280147,0.07830277,0.3068793,-0.1410611,-0.8374792,0.4843373,-0.1245625,-0.2202956,0.07830277,0.3068793,-0.1410611,0.08281105,0.3074121,-0.1480144,-0.8645015,0.4138925,-0.2409936,0.1524867
right,0.07504408,0.3263543,-0.1494741,0.1634956,-0.2513475,-0.8256764,-0.436501,-0.8466075,0.3045038,-0.450029,0.4985182,0.7409139,-0.2188279,-0.2857576,-0.1697369,0.9174129,1,0.7658882,0.08239249,0.3100029,-0.1840802,0.08239249,0.3100029,-0.1840802,-0.4681253,-0.2794994,0.3373899,0.7674026,0.08239249,0.3100029,-0.1840802,0.04860619,0.318397,-0.1741953,-0.4242136,-0.4283366,0.4081824,0.6855346,0.04860619,0.318397,-0.1741953,0.03342683,0.3215086,-0.162315,-0.3017455,-0.3236053,0.4674152,0.7653446,0.03342683,0.3215086,-0.162315,0.03054572,0.3209253,-0.1497203,-0.04132937,-0.1066687,0.5355759,0.8367031,0.08795967,0.3191531,-0.1810437,0.05592759,0.3389625,-0.1472275,-0.1655062,-0.3722396,-0.1233529,0.9048919,0.05592759,0.3389625,-0.1472275,0.0435136,0.3285453,-0.1371167,0.281444,-0.3951271,0.06921603,0.8717069,0.0435136,0.3285453,-0.1371167,0.0458901,0.3168721,-0.1427629,-0.7859998,0.3104033,-0.2916403,-0.4481071,0.0458901,0.3168721,-0.1427629,0.05200557,0.3128452,-0.150827,-0.9083805,0.2121698,-0.3381185,-0.1245179,0.09228455,0.3208095,-0.1757819,0.06671932,0.3386993,-0.1393067,-0.1289592,-0.3215974,-0.2131316,0.9135204,0.06671932,0.3386993,-0.1393067,0.05185422,0.3230313,-0.1323818,0.4186597,-0.4148066,0.01750381,0.8076839,0.05185422,0.3230313,-0.1323818,0.05718569,0.3115447,-0.1457012,-0.8623881,0.3444537,-0.2698721,-0.2545731,0.05718569,0.3115447,-0.1457012,0.06487354,0.3112109,-0.1541287,-0.9028177,0.2327095,-0.353757,0.07498354,0.09775341,0.3182028,-0.1691626,0.08000084,0.3329023,-0.1327471,-0.1129164,-0.2544858,-0.259876,0.9246358,0.08000084,0.3329023,-0.1327471,0.0654494,0.3150081,-0.1296707,0.5212585,-0.4027177,-0.01875765,0.7521676,0.0654494,0.3150081,-0.1296707,0.06975123,0.308327,-0.1429466,-0.8911006,0.3673705,-0.2187193,-0.1521202,0.06975123,0.308327,-0.1429466,0.07601836,0.3095748,-0.1498794,-0.8913131,0.2705747,-0.3207756,0.1716194,0.1021939,0.3110078,-0.1663488,0.09117579,0.3245964,-0.1304951,-0.1122361,-0.195043,-0.3498993,0.9093579,0.09117579,0.3245964,-0.1304951,0.07837396,0.314206,-0.1280147,0.491353,-0.4291745,-0.129001,0.7468201,0.07837396,0.314206,-0.1280147,0.07830277,0.3068793,-0.1410611,-0.8374792,0.4843373,-0.1245625,-0.2202956,0.07830277,0.3068793,-0.1410611,0.08281105,0.3074121,-0.1480144,-0.8645015,0.4138925,-0.2409936,0.1524867
right,0.07661702,0.3238592,-0.1561945,0.1802797,-0.2859719,-0.7702535,-0.4385075,-0.8466192,0.3015742,-0.4571065,0.4990126,0.7362337,-0.2184869,-0.2900805,-0.1701584,0.9160584,1,0.7717876,0.08426646,0.3075065,-0.1906711,0.08426646,0.3075065,-0.1906711,-0.4699785,-0.2829506,0.3357728,0.7657127,0.08426646,0.3075065,-0.1906711,0.05026402,0.3156761,-0.1810741,-0.4242941,-0.4331861,0.4083118,0.6823531,0.05026402,0.3156761,-0.1810741,0.03488592,0.3187535,-0.1693655,-0.3046293,-0.3287527,0.4671133,0.7621862,0.03488592,0.3187535,-0.1693655,0.03182785,0.3181914,-0.1568104,-0.04597481,-0.1120192,0.5367026,0.8350379,0.08978696,0.3166474,-0.1876077,0.05744322,0.3364644,-0.1541137,-0.1653302,-0.3764548,-0.1234885,0.9031602,0.05744322,0.3364644,-0.1541137,0.04474469,0.3261537,-0.1440672,0.2763698,-0.4024187,0.06991611,0.8699372,0.04474469,0.3261537,-0.1440672,0.04704712,0.3145191,-0.1496044,-0.7808237,0.3191097,-0.2958466,-0.4482835,0.04704712,0.3145191,-0.1496044,0.05324169,0.3104494,-0.157621,-0.9050009,0.2193253,-0.3432185,-0.122763,0.09407883,0.3182902,-0.1823392,0.06817768,0.3361968,-0.1461265,-0.1284061,-0.3258899,-0.2131282,0.9120768,0.06817768,0.3361968,-0.1461265,0.05312442,0.3205106,-0.1393714,0.4173476,-0.4212598,0.02033131,0.8049521,0.05312442,0.3205106,-0.1393714,0.05854911,0.3089735,-0.1526722,-0.8591754,0.3504026,-0.2743402,-0.2525335,0.05854911,0.3089735,-0.1526722,0.06633133,0.3086377,-0.161112,-0.9004693,0.2378706,-0.3557108,0.07773299,0.09950113,0.3156962,-0.1756881,0.08141354,0.33042,-0.139461,-0.1121882,-0.2588501,-0.2598352,0.9235237,0.08141354,0.33042,-0.139461,0.06674597,0.312495,-0.1364861,0.5199789,-0.4073368,-0.01596586,0.7506289,0.06674597,0.312495,-0.1364861,0.07115678,0.3057545,-0.1497732,-0.8890303,0.3703882,-0.2226486,-0.1512129,0.07115678,0.3057545,-0.1497732,0.0775068,0.3070109,-0.1567164,-0.8896858,0.2723532,-0.3229135,0.1732336,0.1039183,0.3085287,-0.1728486,0.09256914,0.3221469,-0.1371211,-0.1111188,-0.1993925,-0.3498966,0.9085525,0.09256914,0.3221469,-0.1371211,0.07981933,0.3117075,-0.1347484,0.4935044,-0.4303399,-0.1260619,0.7452311,0.07981933,0.3117075,-0.1347484,0.07992128,0.3043372,-0.1478163,-0.8392571,0.4807758,-0.1292792,-0.2186069,0.07992128,0.3043372,-0.1478163,0.08445427,0.3048773,-0.1547592,-0.8661159,0.4094204,-0.2429132,0.152353
right,0.07661702,0.3238592,-0.1561945,0.1802797,-0.2859719,-0.7702535,-0.4385075,-0.8466192,0.3015742,-0.4571065,0.4990126,0.7362337,-0.2184869,-0.2900805,-0.1701584,0.9160584,1,0.7717876,0.08426646,0.3075065,-0.1906711,0.08426646,0.3075065,-0.1906711,-0.4699785,-0.2829506,0.3357728,0.7657127,0.08426646,0.3075065,-0.1906711,0.05026402,0.3156761,-0.1810741,-0.4242941,-0.4331861,0.4083118,0.6823531,0.05026402,0.3156761,-0.1810741,0.03488592,0.3187535,-0.1693655,-0.3046293,-0.3287527,0.4671133,0.7621862,0.03488592,0.3187535,-0.1693655,0.03182785,0.3181914,-0.1568104,-0.04597481,-0.1120192,0.5367026,0.8350379,0.08978696,0.3166474,-0.1876077,0.05744322,0.3364644,-0.1541137,-0.1653302,-0.3764548,-0.1234885,0.9031602,0.05744322,0.3364644,-0.1541137,0.04474469,0.3261537,-0.1440672,0.2763698,-0.4024187,0.06991611,0.8699372,0.04474469,0.3261537,-0.1440672,0.04704712,0.3145191,-0.1496044,-0.7808237,0.3191097,-0.2958466,-0.4482835,0.04704712,0.3145191,-0.1496044,0.05324169,0.3104494,-0.157621,-0.9050009,0.2193253,-0.3432185,-0.122763,0.09407883,0.3182902,-0.1823392,0.06817768,0.3361968,-0.1461265,-0.1284061,-0.3258899,-0.2131282,0.9120768,0.06817768,0.3361968,-0.1461265,0.05312442,0.3205106,-0.1393714,0.4173476,-0.4212598,0.02033131,0.8049521,0.05312442,0.3205106,-0.1393714,0.05854911,0.3089735,-0.1526722,-0.8591754,0.3504026,-0.2743402,-0.2525335,0.05854911,0.3089735,-0.1526722,0.06633133,0.3086377,-0.161112,-0.9004693,0.2378706,-0.3557108,0.07773299,0.09950113,0.3156962,-0.1756881,0.08141354,0.33042,-0.139461,-0.1121882,-0.2588501,-0.2598352,0.9235237,0.08141354,0.33042,-0.139461,0.06674597,0.312495,-0.1364861,0.5199789,-0.4073368,-0.01596586,0.7506289,0.06674597,0.312495,-0.1364861,0.07115678,0.3057545,-0.1497732,-0.8890303,0.3703882,-0.2226486,-0.1512129,0.07115678,0.3057545,-0.1497732,0.0775068,0.3070109,-0.1567164,-0.8896858,0.2723532,-0.3229135,0.1732336,0.1039183,0.3085287,-0.1728486,0.09256914,0.3221469,-0.1371211,-0.1111188,-0.1993925,-0.3498966,0.9085525,0.09256914,0.3221469,-0.1371211,0.07981933,0.3117075,-0.1347484,0.4935044,-0.4303399,-0.1260619,0.7452311,0.07981933,0.3117075,-0.1347484,0.07992128,0.3043372,-0.1478163,-0.8392571,0.4807758,-0.1292792,-0.2186069,0.07992128,0.3043372,-0.1478163,0.08445427,0.3048773,-0.1547592,-0.8661159,0.4094204,-0.2429132,0.152353
right,0.07817108,0.3206483,-0.1622549,0.1778104,-0.3673802,-0.6934112,-0.4420853,-0.8473387,0.294241,-0.4613625,0.4961239,0.7355309,-0.2158438,-0.2926534,-0.172459,0.9154361,1,0.7843364,0.08600776,0.3045084,-0.1967103,0.08600776,0.3045084,-0.1967103,-0.4694704,-0.2860487,0.3327405,0.7661967,0.08600776,0.3045084,-0.1967103,0.05188398,0.3122971,-0.1873519,-0.4213443,-0.4396806,0.4076036,0.6804478,0.05188398,0.3122971,-0.1873519,0.0362551,0.3151115,-0.1758198,-0.3031156,-0.3381153,0.467742,0.7582983,0.0362551,0.3151115,-0.1758198,0.03283966,0.3143413,-0.1633545,-0.04764078,-0.1278988,0.5415526,0.8295137,0.09153758,0.3135575,-0.1935997,0.0589858,0.3332695,-0.1602229,-0.1629594,-0.3791462,-0.1258099,0.9021443,0.0589858,0.3332695,-0.1602229,0.04586304,0.323074,-0.1503003,0.2715959,-0.4121951,0.06768769,0.8670347,0.04586304,0.323074,-0.1503003,0.04791547,0.3114356,-0.1557707,-0.772764,0.3359584,-0.2971962,-0.4490458,0.04791547,0.3114356,-0.1557707,0.05414669,0.3073187,-0.1637077,-0.8995982,0.234229,-0.3488074,-0.1191356,0.09579938,0.3151666,-0.188322,0.06966959,0.3329425,-0.1521904,-0.1256556,-0.3284203,-0.2152006,0.911065,0.06966959,0.3329425,-0.1521904,0.05441884,0.3171188,-0.1457121,0.4200446,-0.4268344,0.02118433,0.8005787,0.05441884,0.3171188,-0.1457121,0.05987361,0.3055574,-0.1590394,-0.8567161,0.3561951,-0.2765037,-0.2504161,0.05987361,0.3055574,-0.1590394,0.06772529,0.3052679,-0.1673892,-0.8976557,0.2415575,-0.3592235,0.08259938,0.1011736,0.3125418,-0.1816745,0.08285385,0.32712,-0.14549,-0.1091868,-0.2613179,-0.2616921,0.9226637,0.08285385,0.32712,-0.14549,0.0680933,0.3089554,-0.1426778,0.5236098,-0.4076613,-0.01559397,0.7479317,0.0680933,0.3089554,-0.1426778,0.07258288,0.3021842,-0.1559991,-0.8896796,0.3678924,-0.2242164,-0.15117,0.07258288,0.3021842,-0.1559991,0.07898119,0.3035646,-0.1629229,-0.8897123,0.2678618,-0.3235453,0.1788309,0.1055486,0.3053647,-0.1788475,0.0939706,0.3188276,-0.1431214,-0.1077881,-0.2015831,-0.3515861,0.9078178,0.0939706,0.3188276,-0.1431214,0.08117195,0.3082931,-0.1408731,0.4971771,-0.4308305,-0.1260113,0.74251,0.08117195,0.3082931,-0.1408731,0.08142801,0.3008735,-0.1539527,-0.8418675,0.4754952,-0.1331306,-0.2178063,0.08142801,0.3008735,-0.1539527,0.08603122,0.3014637,-0.1608457,-0.8679742,0.4017175,-0.2472172,0.1553304
right,0.0796266,0.3169509,-0.1675987,0.1705346,-0.433203,-0.6260953,-0.4410491,-0.850491,0.2866021,-0.466685,0.4901049,0.7362081,-0.2120757,-0.2948218,-0.1725642,0.9156013,1,0.7853067,0.0876869,0.3010616,-0.2020726,0.0876869,0.3010616,-0.2020726,-0.4674969,-0.2897963,0.3317651,0.7664181,0.0876869,0.3010616,-0.2020726,0.0533959,0.3085517,-0.1928881,-0.4187994,-0.44501,0.4069815,0.678925,0.0533959,0.3085517,-0.1928881,0.03753889,0.3112384,-0.1815151,-0.303571,-0.3451927,0.4668299,0.7554843,0.03753889,0.3112384,-0.1815151,0.03394625,0.3104129,-0.1691084,-0.04996998,-0.1349506,0.5427203,0.8274938,0.09315565,0.3101316,-0.1988918,0.06036332,0.3295405,-0.1655547,-0.1592253,-0.3813462,-0.1260693,0.9018475,0.06036332,0.3295405,-0.1655547,0.04695688,0.3194011,-0.1557157,0.2686961,-0.4185916,0.06661035,0.8649547,0.04695688,0.3194011,-0.1557157,0.04895897,0.3077853,-0.1611519,-0.7691565,0.3432224,-0.3000956,-0.4478161,0.04895897,0.3077853,-0.1611519,0.0553242,0.3036736,-0.1690577,-0.896704,0.2385036,-0.3546957,-0.1150171,0.09738578,0.3116626,-0.1936236,0.07100832,0.3291368,-0.1575098,-0.1217368,-0.330307,-0.215189,0.9109177,0.07100832,0.3291368,-0.1575098,0.05578971,0.3130177,-0.1510616,0.4250343,-0.4239047,0.02190868,0.7994815,0.05578971,0.3130177,-0.1510616,0.061331,0.3015101,-0.1643838,-0.8593847,0.3498337,-0.2765386,-0.2502016,0.061331,0.3015101,-0.1643838,0.06921256,0.3013721,-0.1727186,-0.8992935,0.2335342,-0.3594746,0.08666538,0.1027508,0.3090208,-0.1869945,0.08419447,0.3233196,-0.150807,-0.1052112,-0.2630648,-0.2614088,0.9227096,0.08419447,0.3233196,-0.150807,0.06944896,0.3047926,-0.1481108,0.5289297,-0.4045561,-0.01438935,0.7458959,0.06944896,0.3047926,-0.1481108,0.07405429,0.2980725,-0.1614954,-0.8925253,0.3612538,-0.2250342,-0.1491776,0.07405429,0.2980725,-0.1614954,0.08048817,0.2996678,-0.1684117,-0.8908743,0.2594688,-0.3223667,0.1873463,0.1071444,0.3018523,-0.1841901,0.09533708,0.3150585,-0.1484327,-0.1037145,-0.2030073,-0.3511329,0.9081503,0.09533708,0.3150585,-0.1484327,0.08264961,0.3042772,-0.1462304,0.5046212,-0.4240164,-0.1254717,0.7415015,0.08264961,0.3042772,-0.1462304,0.0830794,0.2968045,-0.1593404,-0.8494859,0.461071,-0.1350952,-0.2180286,0.0830794,0.2968045,-0.1593404,0.08775933,0.2975237,-0.1662295,-0.8740356,0.3848639,-0.2501014,0.1593453
right,0.0796266,0.3169509,-0.1675987,0.1705346,-0.433203,-0.6260953,-0.4410491,-0.850491,0.2866021,-0.466685,0.4901049,0.7362081,-0.2120757,-0.2948218,-0.1725642,0.9156013,1,0.7853067,0.0876869,0.3010616,-0.2020726,0.0876869,0.3010616,-0.2020726,-0.4674969,-0.2897963,0.3317651,0.7664181,0.0876869,0.3010616,-0.2020726,0.0533959,0.3085517,-0.1928881,-0.4187994,-0.44501,0.4069815,0.678925,0.0533959,0.3085517,-0.1928881,0.03753889,0.3112384,-0.1815151,-0.303571,-0.3451927,0.4668299,0.7554843,0.03753889,0.3112384,-0.1815151,0.03394625,0.3104129,-0.1691084,-0.04996998,-0.1349506,0.5427203,0.8274938,0.09315565,0.3101316,-0.1988918,0.06036332,0.3295405,-0.1655547,-0.1592253,-0.3813462,-0.1260693,0.9018475,0.06036332,0.3295405,-0.1655547,0.04695688,0.3194011,-0.1557157,0.2686961,-0.4185916,0.06661035,0.8649547,0.04695688,0.3194011,-0.1557157,0.04895897,0.3077853,-0.1611519,-0.7691565,0.3432224,-0.3000956,-0.4478161,0.04895897,0.3077853,-0.1611519,0.0553242,0.3036736,-0.1690577,-0.896704,0.2385036,-0.3546957,-0.1150171,0.09738578,0.3116626,-0.1936236,0.07100832,0.3291368,-0.1575098,-0.1217368,-0.330307,-0.215189,0.9109177,0.07100832,0.3291368,-0.1575098,0.05578971,0.3130177,-0.1510616,0.4250343,-0.4239047,0.02190868,0.7994815,0.05578971,0.3130177,-0.1510616,0.061331,0.3015101,-0.1643838,-0.8593847,0.3498337,-0.2765386,-0.2502016,0.061331,0.3015101,-0.1643838,0.06921256,0.3013721,-0.1727186,-0.8992935,0.2335342,-0.3594746,0.08666538,0.1027508,0.3090208,-0.1869945,0.08419447,0.3233196,-0.150807,-0.1052112,-0.2630648,-0.2614088,0.9227096,0.08419447,0.3233196,-0.150807,0.06944896,0.3047926,-0.1481108,0.5289297,-0.4045561,-0.01438935,0.7458959,0.06944896,0.3047926,-0.1481108,0.07405429,0.2980725,-0.1614954,-0.8925253,0.3612538,-0.2250342,-0.1491776,0.07405429,0.2980725,-0.1614954,0.08048817,0.2996678,-0.1684117,-0.8908743,0.2594688,-0.3223667,0.1873463,0.1071444,0.3018523,-0.1841901,0.09533708,0.3150585,-0.1484327,-0.1037145,-0.2030073,-0.3511329,0.9081503,0.09533708,0.3150585,-0.1484327,0.08264961,0.3042772,-0.1462304,0.5046212,-0.4240164,-0.1254717,0.7415015,0.08264961,0.3042772,-0.1462304,0.0830794,0.2968045,-0.1593404,-0.8494859,0.461071,-0.1350952,-0.2180286,0.0830794,0.2968045,-0.1593404,0.08775933,0.2975237,-0.1662295,-0.8740356,0.3848639,-0.2501014,0.1593453
right,0.08098955,0.3130015,-0.1727494,0.1563193,-0.4529669,-0.5907431,-0.4345869,-0.8530093,0.2889799,-0.4712974,0.488818,0.7341224,-0.2123324,-0.2964014,-0.1685536,0.9157788,1,0.779319,0.08920792,0.2970799,-0.20713,0.08920792,0.2970799,-0.20713,-0.4677764,-0.2914802,0.3350442,0.7641793,0.08920792,0.2970799,-0.20713,0.05476713,0.3043686,-0.1980513,-0.4191307,-0.4466203,0.4098686,0.6759198,0.05476713,0.3043686,-0.1980513,0.03871856,0.3071208,-0.1867611,-0.3079397,-0.3468009,0.4678018,0.7523721,0.03871856,0.3071208,-0.1867611,0.0349714,0.3064318,-0.1744051,-0.05798075,-0.1372482,0.5432019,0.8262765,0.09457678,0.3061907,-0.2039969,0.06158115,0.3254588,-0.1707395,-0.1591401,-0.382632,-0.1219443,0.9018852,0.06158115,0.3254588,-0.1707395,0.0481225,0.3154567,-0.1608709,0.2634792,-0.4206845,0.06900892,0.865356,0.0481225,0.3154567,-0.1608709,0.05014617,0.3038819,-0.1662175,-0.7669524,0.3447662,-0.3036038,-0.4480457,0.05014617,0.3038819,-0.1662175,0.05656209,0.299776,-0.1740699,-0.8954995,0.2386752,-0.3578827,-0.1141695,0.09881103,0.3077775,-0.1987541,0.07224588,0.3251701,-0.1627059,-0.1218247,-0.3315965,-0.2110929,0.9113958,0.07224588,0.3251701,-0.1627059,0.0570656,0.3089848,-0.1561892,0.423812,-0.4236703,0.02550221,0.8001478,0.0570656,0.3089848,-0.1561892,0.06266634,0.2974084,-0.1694713,-0.8590025,0.3483215,-0.2783578,-0.2516023,0.06266634,0.2974084,-0.1694713,0.07057229,0.2972829,-0.1778182,-0.8996965,0.2313799,-0.3599009,0.08649208,0.1042108,0.3051676,-0.1921422,0.08549557,0.3194456,-0.156002,-0.1055621,-0.2643716,-0.2573684,0.9234315,0.08549557,0.3194456,-0.156002,0.07081147,0.300775,-0.1532833,0.5288959,-0.4042438,-0.01033011,0.7461564,0.07081147,0.300775,-0.1532833,0.07555855,0.2939934,-0.1666828,-0.8931577,0.3572711,-0.2285698,-0.1496076,0.07555855,0.2939934,-0.1666828,0.08209415,0.2956694,-0.173608,-0.8910329,0.2533559,-0.325352,0.1897822,0.1086475,0.2980584,-0.1893201,0.09669366,0.3112953,-0.1536,-0.1042345,-0.2044498,-0.3472478,0.9092603,0.09669366,0.3112953,-0.1536,0.08419473,0.3003643,-0.151349,0.5074568,-0.4187092,-0.1217282,0.7432041,0.08419473,0.3003643,-0.151349,0.08488689,0.2927835,-0.1644329,-0.8557816,0.447007,-0.1410631,-0.2189151,0.08488689,0.2927835,-0.1644329,0.08956902,0.2935126,-0.1713502,-0.8806757,0.3700087,-0.2518429,0.1551743
right,0.08098955,0.3130015,-0.1727494,0.1563193,-0.4529669,-0.5907431,-0.4345869,-0.8530093,0.2889799,-0.4712974,0.488818,0.7341224,-0.2123324,-0.2964014,-0.1685536,0.9157788,1,0.779319,0.08920792,0.2970799,-0.20713,0.08920792,0.2970799,-0.20713,-0.4677764,-0.2914802,0.3350442,0.7641793,0.08920792,0.2970799,-0.20713,0.05476713,0.3043686,-0.1980513,-0.4191307,-0.4466203,0.4098686,0.6759198,0.05476713,0.3043686,-0.1980513,0.03871856,0.3071208,-0.1867611,-0.3079397,-0.3468009,0.4678018,0.7523721,0.03871856,0.3071208,-0.1867611,0.0349714,0.3064318,-0.1744051,-0.05798075,-0.1372482,0.5432019,0.8262765,0.09457678,0.3061907,-0.2039969,0.06158115,0.3254588,-0.1707395,-0.1591401,-0.382632,-0.1219443,0.9018852,0.06158115,0.3254588,-0.1707395,0.0481225,0.3154567,-0.1608709,0.2634792,-0.4206845,0.06900892,0.865356,0.0481225,0.3154567,-0.1608709,0.05014617,0.3038819,-0.1662175,-0.7669524,0.3447662,-0.3036038,-0.4480457,0.05014617,0.3038819,-0.1662175,0.05656209,0.299776,-0.1740699,-0.8954995,0.2386752,-0.3578827,-0.1141695,0.09881103,0.3077775,-0.1987541,0.07224588,0.3251701,-0.1627059,-0.1218247,-0.3315965,-0.2110929,0.9113958,0.07224588,0.3251701,-0.1627059,0.0570656,0.3089848,-0.1561892,0.423812,-0.4236703,0.02550221,0.8001478,0.0570656,0.3089848,-0.1561892,0.06266634,0.2974084,-0.1694713,-0.8590025,0.3483215,-0.2783578,-0.2516023,0.06266634,0.2974084,-0.1694713,0.07057229,0.2972829,-0.1778182,-0.8996965,0.2313799,-0.3599009,0.08649208,0.1042108,0.3051676,-0.1921422,0.08549557,0.3194456,-0.156002,-0.1055621,-0.2643716,-0.2573684,0.9234315,0.08549557,0.3194456,-0.156002,0.07081147,0.300775,-0.1532833,0.5288959,-0.4042438,-0.01033011,0.7461564,0.07081147,0.300775,-0.1532833,0.07555855,0.2939934,-0.1666828,-0.8931577,0.3572711,-0.2285698,-0.1496076,0.07555855,0.2939934,-0.1666828,0.08209415,0.2956694,-0.173608,-0.8910329,0.2533559,-0.325352,0.1897822,0.1086475,0.2980584,-0.1893201,0.09669366,0.3112953,-0.1536,-0.1042345,-0.2044498,-0.3472478,0.9092603,0.09669366,0.3112953,-0.1536,0.08419473,0.3003643,-0.151349,0.5074568,-0.4187092,-0.1217282,0.7432041,0.08419473,0.3003643,-0.151349,0.08488689,0.2927835,-0.1644329,-0.8557816,0.447007,-0.1410631,-0.2189151,0.08488689,0.2927835,-0.1644329,0.08956902,0.2935126,-0.1713502,-0.8806757,0.3700087,-0.2518429,0.1551743
right,0.08186159,0.3083782,-0.177046,0.1006048,-0.5333849,-0.4956935,-0.4346909,-0.8573144,0.2757821,-0.4776799,0.4790901,0.7364065,-0.2059948,-0.2989362,-0.1700262,0.9161301,1,0.779829,0.09033715,0.2929295,-0.2114817,0.09033715,0.2929295,-0.2114817,-0.4641427,-0.2967226,0.3324982,0.7654882,0.09033715,0.2929295,-0.2114817,0.05573183,0.2998763,-0.2026428,-0.4153745,-0.4538745,0.4073524,0.6749267,0.05573183,0.2998763,-0.2026428,0.03957111,0.3024723,-0.1914893,-0.3059433,-0.3533299,0.465373,0.7516546,0.03957111,0.3024723,-0.1914893,0.03573695,0.3015722,-0.179212,-0.0534412,-0.1450541,0.5443773,0.8244736,0.09561346,0.3020111,-0.208229,0.06236037,0.3207989,-0.1750107,-0.1529562,-0.3853292,-0.12375,0.9015607,0.06236037,0.3207989,-0.1750107,0.04878877,0.3106472,-0.1654147,0.2685608,-0.4260564,0.06886148,0.8611674,0.04878877,0.3106472,-0.1654147,0.05086316,0.2991787,-0.170845,-0.7675578,0.349322,-0.3061264,-0.4417191,0.05086316,0.2991787,-0.170845,0.05736829,0.2951761,-0.1786329,-0.8938103,0.2409922,-0.3625867,-0.1075024,0.09983191,0.3034809,-0.202978,0.07298861,0.3203762,-0.1669469,-0.1153225,-0.3337622,-0.2124509,0.9111356,0.07298861,0.3203762,-0.1669469,0.05772774,0.3039483,-0.1607625,0.4300861,-0.4267134,0.0261504,0.7951464,0.05772774,0.3039483,-0.1607625,0.0634582,0.2925119,-0.1742068,-0.859613,0.351143,-0.2794148,-0.2443183,0.0634582,0.2925119,-0.1742068,0.07141675,0.2925417,-0.1824707,-0.8977067,0.232949,-0.3616328,0.09528435,0.105223,0.3008257,-0.1963872,0.08623011,0.3146251,-0.1602443,-0.09889871,-0.2662915,-0.2582574,0.9233693,0.08623011,0.3146251,-0.1602443,0.07157889,0.2956688,-0.1577797,0.5355821,-0.4024767,-0.01005934,0.7423363,0.07157889,0.2956688,-0.1577797,0.07646674,0.2889849,-0.1713083,-0.8955878,0.3526776,-0.2291503,-0.1450209,0.07646674,0.2889849,-0.1713083,0.08304822,0.2908462,-0.1781945,-0.8908126,0.2473945,-0.3256066,0.1980637,0.1096847,0.2936953,-0.1936251,0.09745328,0.3064744,-0.1578654,-0.09739869,-0.2057895,-0.3477931,0.9095076,0.09745328,0.3064744,-0.1578654,0.08504977,0.2953712,-0.1557025,0.5146129,-0.4132189,-0.1227379,0.7411876,0.08504977,0.2953712,-0.1557025,0.08582126,0.2877921,-0.1688504,-0.8610878,0.4372089,-0.1403479,-0.2183544,0.08582126,0.2877921,-0.1688504,0.09054526,0.2885975,-0.1757358,-0.8841523,0.3586943,-0.2545356,0.1575586
right,0.08252964,0.303697,-0.1806777,0.07687691,-0.538686,-0.4179164,-0.4307416,-0.8612636,0.2696046,-0.4827389,0.4722926,0.7374977,-0.2023307,-0.3005219,-0.1686134,0.9166888,1,0.7758229,0.09117611,0.2885173,-0.2151312,0.09117611,0.2885173,-0.2151312,-0.4617141,-0.3001873,0.3330716,0.7653568,0.09117611,0.2885173,-0.2151312,0.05643657,0.2952529,-0.2063716,-0.4132313,-0.4572707,0.4071299,0.6740837,0.05643657,0.2952529,-0.2063716,0.04015718,0.2976684,-0.1953222,-0.304365,-0.3586865,0.4660105,0.7493598,0.04015718,0.2976684,-0.1953222,0.03623049,0.2966717,-0.1831631,-0.05319097,-0.1510228,0.5469034,0.8217418,0.09635815,0.2976101,-0.2118177,0.0629006,0.3160215,-0.1786114,-0.149165,-0.38687,-0.1225329,0.9017023,0.0629006,0.3160215,-0.1786114,0.04936451,0.3057252,-0.1691862,0.2728639,-0.4279931,0.07118779,0.8586615,0.04936451,0.3057252,-0.1691862,0.05150582,0.2943971,-0.1747051,-0.7694874,0.3518271,-0.3078183,-0.4351491,0.05150582,0.2943971,-0.1747051,0.05804361,0.2905231,-0.1825094,-0.8938439,0.2434483,-0.3629882,-0.100078,0.1005802,0.2990395,-0.2065732,0.07353249,0.3155791,-0.1705445,-0.1115065,-0.3349667,-0.2110018,0.9115053,0.07353249,0.3155791,-0.1705445,0.05833337,0.2988797,-0.1645335,0.4355015,-0.426281,0.02877378,0.7923352,0.05833337,0.2988797,-0.1645335,0.06414208,0.2875421,-0.1780772,-0.861008,0.3505338,-0.2792888,-0.2403935,0.06414208,0.2875421,-0.1780772,0.07212044,0.2877188,-0.1863436,-0.8977525,0.2318716,-0.3604718,0.1016661,0.1059902,0.2963807,-0.2000103,0.08680798,0.3098687,-0.1638615,-0.09516449,-0.2673429,-0.2565594,0.9239311,0.08680798,0.3098687,-0.1638615,0.07214268,0.2905474,-0.1616885,0.5412526,-0.4030288,-0.006789968,0.737948,0.07214268,0.2905474,-0.1616885,0.07720468,0.2840002,-0.175392,-0.8967304,0.3519645,-0.2303306,-0.1376348,0.07720468,0.2840002,-0.175392,0.08388447,0.2861081,-0.1822593,-0.8888484,0.2449211,-0.3250721,0.2104526,0.1104949,0.2892588,-0.1973082,0.09807944,0.3017669,-0.1615263,-0.09372828,-0.2065658,-0.3459626,0.910415,0.09807944,0.3017669,-0.1615263,0.08574025,0.2904392,-0.1594677,0.5208117,-0.4095925,-0.1205729,0.7392235,0.08574025,0.2904392,-0.1594677,0.08671109,0.2828939,-0.1726887,-0.8659835,0.4283098,-0.1430208,-0.214868,0.08671109,0.2828939,-0.1726887,0.09143122,0.2838467,-0.1795321,-0.887242,0.3488757,-0.2534662,0.1638364
right,0.08252964,0.303697,-0.1806777,0.07687691,-0.538686,-0.4179164,-0.4307416,-0.8612636,0.2696046,-0.4827389,0.4722926,0.7374977,-0.2023307,-0.3005219,-0.1686134,0.9166888,1,0.7758229,0.09117611,0.2885173,-0.2151312,0.09117611,0.2885173,-0.2151312,-0.4617141,-0.3001873,0.3330716,0.7653568,0.09117611,0.2885173,-0.2151312,0.05643657,0.2952529,-0.2063716,-0.4132313,-0.4572707,0.4071299,0.6740837,0.05643657,0.2952529,-0.2063716,0.04015718,0.2976684,-0.1953222,-0.304365,-0.3586865,0.4660105,0.7493598,0.04015718,0.2976684,-0.1953222,0.03623049,0.2966717,-0.1831631,-0.05319097,-0.1510228,0.5469034,0.8217418,0.09635815,0.2976101,-0.2118177,0.0629006,0.3160215,-0.1786114,-0.149165,-0.38687,-0.1225329,0.9017023,0.0629006,0.3160215,-0.1786114,0.04936451,0.3057252,-0.1691862,0.2728639,-0.4279931,0.07118779,0.8586615,0.04936451,0.3057252,-0.1691862,0.05150582,0.2943971,-0.1747051,-0.7694874,0.3518271,-0.3078183,-0.4351491,0.05150582,0.2943971,-0.1747051,0.05804361,0.2905231,-0.1825094,-0.8938439,0.2434483,-0.3629882,-0.100078,0.1005802,0.2990395,-0.2065732,0.07353249,0.3155791,-0.1705445,-0.1115065,-0.3349667,-0.2110018,0.9115053,0.07353249,0.3155791,-0.1705445,0.05833337,0.2988797,-0.1645335,0.4355015,-0.426281,0.02877378,0.7923352,0.05833337,0.2988797,-0.1645335,0.06414208,0.2875421,-0.1780772,-0.861008,0.3505338,-0.2792888,-0.2403935,0.06414208,0.2875421,-0.1780772,0.07212044,0.2877188,-0.1863436,-0.8977525,0.2318716,-0.3604718,0.1016661,0.1059902,0.2963807,-0.2000103,0.08680798,0.3098687,-0.1638615,-0.09516449,-0.2673429,-0.2565594,0.9239311,0.08680798,0.3098687,-0.1638615,0.07214268,0.2905474,-0.1616885,0.5412526,-0.4030288,-0.006789968,0.737948,0.07214268,0.2905474,-0.1616885,0.07720468,0.2840002,-0.175392,-0.8967304,0.3519645,-0.2303306,-0.1376348,0.07720468,0.2840002,-0.175392,0.08388447,0.2861081,-0.1822593,-0.8888484,0.2449211,-0.3250721,0.2104526,0.1104949,0.2892588,-0.1973082,0.09807944,0.3017669,-0.1615263,-0.09372828,-0.2065658,-0.3459626,0.910415,0.09807944,0.3017669,-0.1615263,0.08574025,0.2904392,-0.1594677,0.5208117,-0.4095925,-0.1205729,0.7392235,0.08574025,0.2904392,-0.1594677,0.08671109,0.2828939,-0.1726887,-0.8659835,0.4283098,-0.1430208,-0.214868,0.08671109,0.2828939,-0.1726887,0.09143122,0.2838467,-0.1795321,-0.887242,0.3488757,-0.2534662,0.1638364
right,0.08301346,0.2985766,-0.1840134,0.05581679,-0.5907186,-0.3848275,-0.4235628,-0.8656427,0.2669408,-0.4871034,0.4660966,0.7385691,-0.1997156,-0.3013787,-0.1652039,0.9176013,1,0.7747836,0.09183216,0.2835769,-0.2184819,0.09183216,0.2835769,-0.2184819,-0.4594432,-0.3028126,0.335767,0.7645109,0.09183216,0.2835769,-0.2184819,0.05686772,0.2897466,-0.209769,-0.4087074,-0.4623777,0.4107536,0.6711532,0.05686772,0.2897466,-0.209769,0.04035197,0.2917016,-0.1987592,-0.299021,-0.3668561,0.4724346,0.743511,0.04035197,0.2917016,-0.1987592,0.03646591,0.2905404,-0.1866614,-0.04879985,-0.1534625,0.5558432,0.8155404,0.09691411,0.2927046,-0.215116,0.06325313,0.3107547,-0.1818447,-0.1462177,-0.3875617,-0.1192955,0.9023219,0.06325313,0.3107547,-0.1818447,0.04978824,0.3003329,-0.1725504,0.2760488,-0.4292262,0.07485621,0.8567138,0.04978824,0.3003329,-0.1725504,0.05199209,0.289091,-0.1781117,-0.7704513,0.353216,-0.3098418,-0.4308611,0.05199209,0.289091,-0.1781117,0.05856906,0.2853211,-0.1859175,-0.8938821,0.2442562,-0.3638818,-0.0943598,0.1011218,0.2941443,-0.2099234,0.07389088,0.3103673,-0.1738288,-0.1087426,-0.3353769,-0.2076388,0.9124601,0.07389088,0.3103673,-0.1738288,0.05879263,0.293328,-0.1679492,0.4409792,-0.4248623,0.03296686,0.7899003,0.05879263,0.293328,-0.1679492,0.06474049,0.2819964,-0.1816338,-0.8627079,0.3477426,-0.2798101,-0.2377321,0.06474049,0.2819964,-0.1816338,0.07273985,0.2823062,-0.1899932,-0.8991202,0.2295628,-0.3572498,0.1060967,0.1065442,0.2915165,-0.2034176,0.08721162,0.3047516,-0.1672072,-0.09265783,-0.2676234,-0.2530434,0.9250736,0.08721162,0.3047516,-0.1672072,0.0724934,0.2851646,-0.1651773,0.5434122,-0.4042521,-0.003545576,0.7357111,0.0724934,0.2851646,-0.1651773,0.07771568,0.2786622,-0.1790004,-0.8969711,0.3515107,-0.2325837,-0.1333712,0.07771568,0.2786622,-0.1790004,0.08443614,0.2809469,-0.1858933,-0.888269,0.2435272,-0.3224627,0.2183816,0.1110895,0.2844014,-0.200801,0.09853835,0.2967141,-0.164957,-0.09147488,-0.206711,-0.3424168,0.9119505,0.09853835,0.2967141,-0.164957,0.08643444,0.2852639,-0.16289,0.5252912,-0.4031281,-0.1183375,0.7399683,0.08643444,0.2852639,-0.16289,0.08767975,0.2776967,-0.176116,-0.8727183,0.41341,-0.1478252,-0.2135475,0.08767975,0.2776967,-0.176116,0.09225625,0.2787321,-0.1829516,-0.8942533,0.3354694,-0.2475883,0.1626999
right,0.08301346,0.2985766,-0.1840134,0.05581679,-0.5907186,-0.3848275,-0.4235628,-0.8656427,0.2669408,-0.4871034,0.4660966,0.7385691,-0.1997156,-0.3013787,-0.1652039,0.9176013,1,0.7747836,0.09183216,0.2835769,-0.2184819,0.09183216,0.2835769,-0.2184819,-0.4594432,-0.3028126,0.335767,0.7645109,0.09183216,0.2835769,-0.2184819,0.05686772,0.2897466,-0.209769,-0.4087074,-0.4623777,0.4107536,0.6711532,0.05686772,0.2897466,-0.209769,0.04035197,0.2917016,-0.1987592,-0.299021,-0.3668561,0.4724346,0.743511,0.04035197,0.2917016,-0.1987592,0.03646591,0.2905404,-0.1866614,-0.04879985,-0.1534625,0.5558432,0.8155404,0.09691411,0.2927046,-0.215116,0.06325313,0.3107547,-0.1818447,-0.1462177,-0.3875617,-0.1192955,0.9023219,0.06325313,0.3107547,-0.1818447,0.04978824,0.3003329,-0.1725504,0.2760488,-0.4292262,0.07485621,0.8567138,0.04978824,0.3003329,-0.1725504,0.05199209,0.289091,-0.1781117,-0.7704513,0.353216,-0.3098418,-0.4308611,0.05199209,0.289091,-0.1781117,0.05856906,0.2853211,-0.1859175,-0.8938821,0.2442562,-0.3638818,-0.0943598,0.1011218,0.2941443,-0.2099234,0.07389088,0.3103673,-0.1738288,-0.1087426,-0.3353769,-0.2076388,0.9124601,0.07389088,0.3103673,-0.1738288,0.05879263,0.293328,-0.1679492,0.4409792,-0.4248623,0.03296686,0.7899003,0.05879263,0.293328,-0.1679492,0.06474049,0.2819964,-0.1816338,-0.8627079,0.3477426,-0.2798101,-0.2377321,0.06474049,0.2819964,-0.1816338,0.07273985,0.2823062,-0.1899932,-0.8991202,0.2295628,-0.3572498,0.1060967,0.1065442,0.2915165,-0.2034176,0.08721162,0.3047516,-0.1672072,-0.09265783,-0.2676234,-0.2530434,0.9250736,0.08721162,0.3047516,-0.1672072,0.0724934,0.2851646,-0.1651773,0.5434122,-0.4042521,-0.003545576,0.7357111,0.0724934,0.2851646,-0.1651773,0.07771568,0.2786622,-0.1790004,-0.8969711,0.3515107,-0.2325837,-0.1333712,0.07771568,0.2786622,-0.1790004,0.08443614,0.2809469,-0.1858933,-0.888269,0.2435272,-0.3224627,0.2183816,0.1110895,0.2844014,-0.200801,0.09853835,0.2967141,-0.164957,-0.09147488,-0.206711,-0.3424168,0.9119505,0.09853835,0.2967141,-0.164957,0.08643444,0.2852639,-0.16289,0.5252912,-0.4031281,-0.1183375,0.7399683,0.08643444,0.2852639,-0.16289,0.08767975,0.2776967,-0.176116,-0.8727183,0.41341,-0.1478252,-0.2135475,0.08767975,0.2776967,-0.176116,0.09225625,0.2787321,-0.1829516,-0.8942533,0.3354694,-0.2475883,0.1626999
right,0.08358299,0.2929525,-0.1871103,0.06578745,-0.6496641,-0.3577355,-0.413505,-0.8694549,0.2702993,-0.4897248,0.4626521,0.7390012,-0.1994534,-0.3011939,-0.1596586,0.9187,1,0.7651899,0.09249486,0.2780008,-0.2215333,0.09249486,0.2780008,-0.2215333,-0.4582045,-0.3036555,0.3408992,0.7626465,0.09249486,0.2780008,-0.2215333,0.05742103,0.2838264,-0.2128507,-0.4075046,-0.4640289,0.4151482,0.6680337,0.05742103,0.2838264,-0.2128507,0.04083201,0.285736,-0.2019156,-0.3010229,-0.3680567,0.4754172,0.7402013,0.04083201,0.285736,-0.2019156,0.03694268,0.2846733,-0.1899604,-0.05318443,-0.152936,0.5583447,0.8136542,0.09747702,0.2871453,-0.2181898,0.06367157,0.3049467,-0.1847975,-0.1454087,-0.3870611,-0.113814,0.903375,0.06367157,0.3049467,-0.1847975,0.05033014,0.2944691,-0.1755541,0.2767621,-0.4291489,0.07980347,0.8560756,0.05033014,0.2944691,-0.1755541,0.0526967,0.2833326,-0.1811143,-0.772678,0.3498379,-0.3140091,-0.4265917,0.0526967,0.2833326,-0.1811143,0.05940611,0.2796863,-0.1889149,-0.8946721,0.2384541,-0.3671689,-0.08881678,0.1016855,0.2886514,-0.2130951,0.07434905,0.3046979,-0.1768908,-0.1083616,-0.3347664,-0.2022223,0.913945,0.07434905,0.3046979,-0.1768908,0.05937808,0.2874759,-0.17107,0.4430802,-0.4243789,0.03808905,0.7887532,0.05937808,0.2874759,-0.17107,0.06553972,0.2761274,-0.1847825,-0.863763,0.3433875,-0.2832441,-0.2361595,0.06553972,0.2761274,-0.1847825,0.07349582,0.2765009,-0.1931754,-0.900874,0.226065,-0.3547989,0.1069508,0.1071319,0.2860663,-0.2066755,0.08773928,0.2992041,-0.170373,-0.09272292,-0.2669625,-0.2476644,0.9267124,0.08773928,0.2992041,-0.170373,0.07305939,0.2795687,-0.1682237,0.5414018,-0.4040027,-0.0006666199,0.7373368,0.07305939,0.2795687,-0.1682237,0.0783969,0.2730325,-0.1820398,-0.8973123,0.3486165,-0.2355586,-0.1334515,0.0783969,0.2730325,-0.1820398,0.08507328,0.2753511,-0.1889976,-0.8902645,0.2412595,-0.3190639,0.2177642,0.1117193,0.2790428,-0.2041405,0.09912804,0.291328,-0.1682241,-0.09198792,-0.2061708,-0.3371798,0.9139702,0.09912804,0.291328,-0.1682241,0.08752956,0.2797994,-0.1658971,0.528492,-0.3876283,-0.1170393,0.7461517,0.08752956,0.2797994,-0.1658971,0.08889928,0.2721323,-0.1789056,-0.8821698,0.3882842,-0.1485722,-0.2212197,0.08889928,0.2721323,-0.1789056,0.09319425,0.2731519,-0.1858315,-0.9069846,0.3146721,-0.2361201,0.1503591
right,0.08409788,0.2870776,-0.1894829,0.05949705,-0.6788584,-0.2741634,-0.3995396,-0.8737187,0.2774594,-0.4935027,0.460065,0.7381025,-0.2004508,-0.3012776,-0.151526,0.9198321,1,0.7460086,0.09308901,0.2721104,-0.2237168,0.09308901,0.2721104,-0.2237168,-0.457659,-0.3043865,0.3484018,0.7592847,0.09308901,0.2721104,-0.2237168,0.05787068,0.2772238,-0.214975,-0.4035585,-0.4667604,0.4238113,0.6630681,0.05787068,0.2772238,-0.214975,0.0411039,0.2789259,-0.2042689,-0.303859,-0.3735802,0.4815238,0.7322857,0.0411039,0.2789259,-0.2042689,0.03709767,0.277937,-0.1924444,-0.06018484,-0.1558799,0.5651951,0.8078575,0.09785692,0.2813137,-0.2205226,0.06392338,0.298829,-0.1870987,-0.1456332,-0.3866304,-0.1056357,0.9045159,0.06392338,0.298829,-0.1870987,0.05081045,0.2879787,-0.1779429,0.2836029,-0.427431,0.09034926,0.8536446,0.05081045,0.2879787,-0.1779429,0.05343757,0.2768678,-0.1835155,-0.7760118,0.3422271,-0.3195853,-0.4225536,0.05343757,0.2768678,-0.1835155,0.06020935,0.2733952,-0.1913282,-0.8973562,0.2300284,-0.3672969,-0.08325727,0.1021169,0.2828942,-0.215508,0.07468976,0.2987676,-0.1792875,-0.1091868,-0.3343218,-0.1942037,0.9157467,0.07468976,0.2987676,-0.1792875,0.06004297,0.2809495,-0.1735843,0.451357,-0.4198343,0.04816508,0.7859365,0.06004297,0.2809495,-0.1735843,0.06653828,0.2696107,-0.1875145,-0.8675737,0.3346372,-0.285483,-0.2320201,0.06653828,0.2696107,-0.1875145,0.07445081,0.2702511,-0.1959897,-0.9041807,0.2176656,-0.3492197,0.1145623,0.107646,0.2803787,-0.2091845,0.08820605,0.2934611,-0.1728803,-0.09418148,-0.266522,-0.239796,0.9287592,0.08820605,0.2934611,-0.1728803,0.07377312,0.2735568,-0.170547,0.5420603,-0.3986605,0.004985931,0.7397402,0.07377312,0.2735568,-0.170547,0.07929118,0.2669386,-0.1844204,-0.9003157,0.3378946,-0.2385119,-0.1355394,0.07929118,0.2669386,-0.1844204,0.08591022,0.2694308,-0.1914708,-0.8944551,0.2301009,-0.3138434,0.2202407,0.1123756,0.2734661,-0.2067049,0.09974816,0.2857935,-0.1708098,-0.09403735,-0.2060354,-0.3295954,0.9165551,0.09974816,0.2857935,-0.1708098,0.08868484,0.2740767,-0.168187,0.5319749,-0.3697015,-0.1133753,0.7533058,0.08868484,0.2740767,-0.168187,0.0901895,0.2663188,-0.1810255,-0.8918964,0.3610022,-0.1484054,-0.2284164,0.0901895,0.2663188,-0.1810255,0.09431283,0.2673738,-0.1880254,-0.9184186,0.2893644,-0.2291763,0.1423156
right,0.08409788,0.2870776,-0.1894829,0.05949705,-0.6788584,-0.2741634,-0.3995396,-0.8737187,0.2774594,-0.4935027,0.460065,0.7381025,-0.2004508,-0.3012776,-0.151526,0.9198321,1,0.7460086,0.09308901,0.2721104,-0.2237168,0.09308901,0.2721104,-0.2237168,-0.457659,-0.3043865,0.3484018,0.7592847,0.09308901,0.2721104,-0.2237168,0.05787068,0.2772238,-0.214975,-0.4035585,-0.4667604,0.4238113,0.6630681,0.05787068,0.2772238,-0.214975,0.0411039,0.2789259,-0.2042689,-0.303859,-0.3735802,0.4815238,0.7322857,0.0411039,0.2789259,-0.2042689,0.03709767,0.277937,-0.1924444,-0.06018484,-0.1558799,0.5651951,0.8078575,0.09785692,0.2813137,-0.2205226,0.06392338,0.298829,-0.1870987,-0.1456332,-0.3866304,-0.1056357,0.9045159,0.06392338,0.298829,-0.1870987,0.05081045,0.2879787,-0.1779429,0.2836029,-0.427431,0.09034926,0.8536446,0.05081045,0.2879787,-0.1779429,0.05343757,0.2768678,-0.1835155,-0.7760118,0.3422271,-0.3195853,-0.4225536,0.05343757,0.2768678,-0.1835155,0.06020935,0.2733952,-0.1913282,-0.8973562,0.2300284,-0.3672969,-0.08325727,0.1021169,0.2828942,-0.215508,0.07468976,0.2987676,-0.1792875,-0.1091868,-0.3343218,-0.1942037,0.9157467,0.07468976,0.2987676,-0.1792875,0.06004297,0.2809495,-0.1735843,0.451357,-0.4198343,0.04816508,0.7859365,0.06004297,0.2809495,-0.1735843,0.06653828,0.2696107,-0.1875145,-0.8675737,0.3346372,-0.285483,-0.2320201,0.06653828,0.2696107,-0.1875145,0.07445081,0.2702511,-0.1959897,-0.9041807,0.2176656,-0.3492197,0.1145623,0.107646,0.2803787,-0.2091845,0.08820605,0.2934611,-0.1728803,-0.09418148,-0.266522,-0.239796,0.9287592,0.08820605,0.2934611,-0.1728803,0.07377312,0.2735568,-0.170547,0.5420603,-0.3986605,0.004985931,0.7397402,0.07377312,0.2735568,-0.170547,0.07929118,0.2669386,-0.1844204,-0.9003157,0.3378946,-0.2385119,-0.1355394,0.07929118,0.2669386,-0.1844204,0.08591022,0.2694308,-0.1914708,-0.8944551,0.2301009,-0.3138434,0.2202407,0.1123756,0.2734661,-0.2067049,0.09974816,0.2857935,-0.1708098,-0.09403735,-0.2060354,-0.3295954,0.9165551,0.09974816,0.2857935,-0.1708098,0.08868484,0.2740767,-0.168187,0.5319749,-0.3697015,-0.1133753,0.7533058,0.08868484,0.2740767,-0.168187,0.0901895,0.2663188,-0.1810255,-0.8918964,0.3610022,-0.1484054,-0.2284164,0.0901895,0.2663188,-0.1810255,0.09431283,0.2673738,-0.1880254,-0.9184186,0.2893644,-0.2291763,0.1423156
right,0.08455759,0.2806918,-0.191219,0.05188664,-0.7207471,-0.1959431,-0.382094,-0.8800619,0.281949,-0.4960964,0.4527484,0.7408828,-0.1992047,-0.2997935,-0.1424309,0.9220384,1,0.725467,0.09353864,0.2658651,-0.2253819,0.09353864,0.2658651,-0.2253819,-0.4543932,-0.305285,0.3570101,0.7568828,0.09353864,0.2658651,-0.2253819,0.05824844,0.2706263,-0.2165205,-0.4018189,-0.4666907,0.42962,0.6604301,0.05824844,0.2706263,-0.2165205,0.04138806,0.272192,-0.2059331,-0.3054779,-0.3763072,0.4861184,0.7271624,0.04138806,0.272192,-0.2059331,0.03736916,0.2711743,-0.1942542,-0.06145275,-0.1582101,0.571421,0.8029141,0.09806267,0.2751723,-0.2222579,0.06410138,0.2921389,-0.1886461,-0.1434579,-0.3846748,-0.09679883,0.9066836,0.06410138,0.2921389,-0.1886461,0.0512839,0.2809775,-0.1794068,0.289366,-0.4212653,0.09825805,0.8539017,0.0512839,0.2809775,-0.1794068,0.05422777,0.2699071,-0.1850734,-0.7830402,0.3294629,-0.3226833,-0.417346,0.05422777,0.2699071,-0.1850734,0.06103782,0.2665826,-0.193033,-0.902283,0.2191056,-0.3626978,-0.07955211,0.1023994,0.276785,-0.2173578,0.07498699,0.2922308,-0.1809967,-0.1078073,-0.3320895,-0.1854463,0.9185335,0.07498699,0.2922308,-0.1809967,0.06076624,0.2738945,-0.1752947,0.4594325,-0.4118357,0.05596028,0.7849723,0.06076624,0.2738945,-0.1752947,0.06752937,0.2625559,-0.1893267,-0.8724628,0.3208781,-0.2864654,-0.2319127,0.06752937,0.2625559,-0.1893267,0.07544575,0.2634074,-0.1978805,-0.9081257,0.2032087,-0.3466452,0.1176906,0.1080153,0.2743874,-0.2111285,0.08863132,0.2871851,-0.1747374,-0.093577,-0.2641557,-0.2310401,0.9317111,0.08863132,0.2871851,-0.1747374,0.07456921,0.2669646,-0.171981,0.5431816,-0.3864502,0.007987151,0.7453497,0.07456921,0.2669646,-0.171981,0.08008958,0.2602579,-0.1859936,-0.9056214,0.3237578,-0.2351122,-0.1405454,0.08008958,0.2602579,-0.1859936,0.08661631,0.2628984,-0.19328,-0.9010885,0.2181841,-0.3045596,0.2183542,0.1129727,0.2674894,-0.2087371,0.1004044,0.2796516,-0.1728034,-0.09428158,-0.2037985,-0.3209991,0.9200743,0.1004044,0.2796516,-0.1728034,0.09000539,0.2677993,-0.1696513,0.532858,-0.3435792,-0.113632,0.7649206,0.09000539,0.2677993,-0.1696513,0.09152745,0.2599085,-0.1822877,-0.9031431,0.3259465,-0.1429321,-0.2401288,0.09152745,0.2599085,-0.1822877,0.09535422,0.2610492,-0.1895134,-0.9329073,0.259431,-0.211486,0.1328654
right,0.08455759,0.2806918,-0.191219,0.05188664,-0.7207471,-0.1959431,-0.382094,-0.8800619,0.281949,-0.4960964,0.4527484,0.7408828,-0.1992047,-0.2997935,-0.1424309,0.9220384,1,0.725467,0.09353864,0.2658651,-0.2253819,0.09353864,0.2658651,-0.2253819,-0.4543932,-0.305285,0.3570101,0.7568828,0.09353864,0.2658651,-0.2253819,0.05824844,0.2706263,-0.2165205,-0.4018189,-0.4666907,0.42962,0.6604301,0.05824844,0.2706263,-0.2165205,0.04138806,0.272192,-0.2059331,-0.3054779,-0.3763072,0.4861184,0.7271624,0.04138806,0.272192,-0.2059331,0.03736916,0.2711743,-0.1942542,-0.06145275,-0.1582101,0.571421,0.8029141,0.09806267,0.2751723,-0.2222579,0.06410138,0.2921389,-0.1886461,-0.1434579,-0.3846748,-0.09679883,0.9066836,0.06410138,0.2921389,-0.1886461,0.0512839,0.2809775,-0.1794068,0.289366,-0.4212653,0.09825805,0.8539017,0.0512839,0.2809775,-0.1794068,0.05422777,0.2699071,-0.1850734,-0.7830402,0.3294629,-0.3226833,-0.417346,0.05422777,0.2699071,-0.1850734,0.06103782,0.2665826,-0.193033,-0.902283,0.2191056,-0.3626978,-0.07955211,0.1023994,0.276785,-0.2173578,0.07498699,0.2922308,-0.1809967,-0.1078073,-0.3320895,-0.1854463,0.9185335,0.07498699,0.2922308,-0.1809967,0.06076624,0.2738945,-0.1752947,0.4594325,-0.4118357,0.05596028,0.7849723,0.06076624,0.2738945,-0.1752947,0.06752937,0.2625559,-0.1893267,-0.8724628,0.3208781,-0.2864654,-0.2319127,0.06752937,0.2625559,-0.1893267,0.07544575,0.2634074,-0.1978805,-0.9081257,0.2032087,-0.3466452,0.1176906,0.1080153,0.2743874,-0.2111285,0.08863132,0.2871851,-0.1747374,-0.093577,-0.2641557,-0.2310401,0.9317111,0.08863132,0.2871851,-0.1747374,0.07456921,0.2669646,-0.171981,0.5431816,-0.3864502,0.007987151,0.7453497,0.07456921,0.2669646,-0.171981,0.08008958,0.2602579,-0.1859936,-0.9056214,0.3237578,-0.2351122,-0.1405454,0.08008958,0.2602579,-0.1859936,0.08661631,0.2628984,-0.19328,-0.9010885,0.2181841,-0.3045596,0.2183542,0.1129727,0.2674894,-0.2087371,0.1004044,0.2796516,-0.1728034,-0.09428158,-0.2037985,-0.3209991,0.9200743,0.1004044,0.2796516,-0.1728034,0.09000539,0.2677993,-0.1696513,0.532858,-0.3435792,-0.113632,0.7649206,0.09000539,0.2677993,-0.1696513,0.09152745,0.2599085,-0.1822877,-0.9031431,0.3259465,-0.1429321,-0.2401288,0.09152745,0.2599085,-0.1822877,0.09535422,0.2610492,-0.1895134,-0.9329073,0.259431,-0.211486,0.1328654
right,0.08474036,0.2742748,-0.1922828,0.0214774,-0.7540534,-0.1250046,-0.3514553,-0.8885553,0.2948705,-0.5024157,0.4447772,0.7414525,-0.1999784,-0.2988017,-0.1254232,0.9246596,1,0.706565,0.09383736,0.2594635,-0.2262776,0.09383736,0.2594635,-0.2262776,-0.4515964,-0.3065669,0.3727176,0.7504392,0.09383736,0.2594635,-0.2262776,0.05838647,0.2636803,-0.2175805,-0.40379,-0.4675574,0.4400741,0.6516736,0.05838647,0.2636803,-0.2175805,0.04145891,0.2652232,-0.2070628,-0.3110308,-0.3743888,0.4949194,0.7198247,0.04145891,0.2652232,-0.2070628,0.03750555,0.2644248,-0.1954556,-0.06903618,-0.1514392,0.5785385,0.7984945,0.09801792,0.2688681,-0.223342,0.06390741,0.2851084,-0.1895665,-0.1425973,-0.3826441,-0.0798907,0.9093223,0.06390741,0.2851084,-0.1895665,0.05147241,0.2736959,-0.1799922,0.2897717,-0.4114994,0.1111783,0.8569364,0.05147241,0.2736959,-0.1799922,0.05474065,0.2627205,-0.185501,-0.7879078,0.309758,-0.3279864,-0.4191374,0.05474065,0.2627205,-0.185501,0.0615986,0.2595324,-0.1935125,-0.9078131,0.1986576,-0.3604583,-0.08050063,0.1023961,0.2706811,-0.218549,0.07490285,0.2856352,-0.1820796,-0.1082956,-0.3299044,-0.1687959,0.9224657,0.07490285,0.2856352,-0.1820796,0.0614147,0.2666903,-0.1760186,0.4654162,-0.3965974,0.06876776,0.7882698,0.0614147,0.2666903,-0.1760186,0.06859288,0.2554446,-0.1902838,-0.8807599,0.2990679,-0.2865792,-0.2295491,0.06859288,0.2554446,-0.1902838,0.07646576,0.256636,-0.1989862,-0.9142641,0.1816811,-0.3405927,0.122922,0.1081327,0.2684551,-0.2124205,0.08874214,0.2810147,-0.1759791,-0.0954337,-0.2619247,-0.2146007,0.936074,0.08874214,0.2810147,-0.1759791,0.0751552,0.2603806,-0.1727082,0.541872,-0.3751663,0.01749844,0.7518769,0.0751552,0.2603806,-0.1727082,0.08085831,0.2536516,-0.1868208,-0.9107458,0.3074684,-0.236158,-0.1422485,0.08085831,0.2536516,-0.1868208,0.08738749,0.2565327,-0.1943876,-0.9069453,0.2029624,-0.2970169,0.2191743,0.1133781,0.2618035,-0.2100579,0.1008109,0.2739361,-0.1741389,-0.09748902,-0.2021111,-0.3050353,0.9255272,0.1008109,0.2739361,-0.1741389,0.09122749,0.261593,-0.1705435,0.5387316,-0.3124979,-0.1049631,0.7753038,0.09122749,0.261593,-0.1705435,0.09307812,0.2535609,-0.1830045,-0.9166611,0.2770474,-0.1431192,-0.2499882,0.09307812,0.2535609,-0.1830045,0.09668927,0.2547942,-0.1903085,-0.9478375,0.2115834,-0.203401,0.1243565
right,0.08474036,0.2742748,-0.1922828,0.0214774,-0.7540534,-0.1250046,-0.3514553,-0.8885553,0.2948705,-0.5024157,0.4447772,0.7414525,-0.1999784,-0.2988017,-0.1254232,0.9246596,1,0.706565,0.09383736,0.2594635,-0.2262776,0.09383736,0.2594635,-0.2262776,-0.4515964,-0.3065669,0.3727176,0.7504392,0.09383736,0.2594635,-0.2262776,0.05838647,0.2636803,-0.2175805,-0.40379,-0.4675574,0.4400741,0.6516736,0.05838647,0.2636803,-0.2175805,0.04145891,0.2652232,-0.2070628,-0.3110308,-0.3743888,0.4949194,0.7198247,0.04145891,0.2652232,-0.2070628,0.03750555,0.2644248,-0.1954556,-0.06903618,-0.1514392,0.5785385,0.7984945,0.09801792,0.2688681,-0.223342,0.06390741,0.2851084,-0.1895665,-0.1425973,-0.3826441,-0.0798907,0.9093223,0.06390741,0.2851084,-0.1895665,0.05147241,0.2736959,-0.1799922,0.2897717,-0.4114994,0.1111783,0.8569364,0.05147241,0.2736959,-0.1799922,0.05474065,0.2627205,-0.185501,-0.7879078,0.309758,-0.3279864,-0.4191374,0.05474065,0.2627205,-0.185501,0.0615986,0.2595324,-0.1935125,-0.9078131,0.1986576,-0.3604583,-0.08050063,0.1023961,0.2706811,-0.218549,0.07490285,0.2856352,-0.1820796,-0.1082956,-0.3299044,-0.1687959,0.9224657,0.07490285,0.2856352,-0.1820796,0.0614147,0.2666903,-0.1760186,0.4654162,-0.3965974,0.06876776,0.7882698,0.0614147,0.2666903,-0.1760186,0.06859288,0.2554446,-0.1902838,-0.8807599,0.2990679,-0.2865792,-0.2295491,0.06859288,0.2554446,-0.1902838,0.07646576,0.256636,-0.1989862,-0.9142641,0.1816811,-0.3405927,0.122922,0.1081327,0.2684551,-0.2124205,0.08874214,0.2810147,-0.1759791,-0.0954337,-0.2619247,-0.2146007,0.936074,0.08874214,0.2810147,-0.1759791,0.0751552,0.2603806,-0.1727082,0.541872,-0.3751663,0.01749844,0.7518769,0.0751552,0.2603806,-0.1727082,0.08085831,0.2536516,-0.1868208,-0.9107458,0.3074684,-0.236158,-0.1422485,0.08085831,0.2536516,-0.1868208,0.08738749,0.2565327,-0.1943876,-0.9069453,0.2029624,-0.2970169,0.2191743,0.1133781,0.2618035,-0.2100579,0.1008109,0.2739361,-0.1741389,-0.09748902,-0.2021111,-0.3050353,0.9255272,0.1008109,0.2739361,-0.1741389,0.09122749,0.261593,-0.1705435,0.5387316,-0.3124979,-0.1049631,0.7753038,0.09122749,0.261593,-0.1705435,0.09307812,0.2535609,-0.1830045,-0.9166611,0.2770474,-0.1431192,-0.2499882,0.09307812,0.2535609,-0.1830045,0.09668927,0.2547942,-0.1903085,-0.9478375,0.2115834,-0.203401,0.1243565
right,0.08488028,0.2678527,-0.193206,0.01617648,-0.7425224,-0.1067483,-0.3275916,-0.8903127,0.3162705,-0.507082,0.4481213,0.736244,-0.206554,-0.2986862,-0.1103589,0.9251719,1,0.686226,0.09410796,0.2525562,-0.226775,0.09410796,0.2525562,-0.226775,-0.4541807,-0.3049722,0.3867351,0.7423933,0.09410796,0.2525562,-0.226775,0.05849488,0.2563608,-0.2181921,-0.4081144,-0.4657475,0.4518112,0.6421748,0.05849488,0.2563608,-0.2181921,0.04149297,0.2579475,-0.2077722,-0.3191368,-0.3710866,0.5047055,0.7111391,0.04149297,0.2579475,-0.2077722,0.03755594,0.257389,-0.196315,-0.07917935,-0.1461904,0.5867493,0.7925177,0.09802275,0.262172,-0.2242217,0.06374492,0.2783243,-0.1904505,-0.1478271,-0.3814148,-0.06437439,0.9102339,0.06374492,0.2783243,-0.1904505,0.05171446,0.26678,-0.1801897,0.2849714,-0.395903,0.122582,0.8643066,0.05171446,0.26678,-0.1801897,0.05533388,0.2557899,-0.1853984,-0.7919874,0.2792846,-0.3316559,-0.4298377,0.05533388,0.2557899,-0.1853984,0.06222086,0.2526699,-0.1934331,-0.9146348,0.1660505,-0.3575284,-0.08968826,0.1024181,0.2640942,-0.2195579,0.07481857,0.279174,-0.1831183,-0.1146649,-0.329147,-0.1538022,0.9245859,0.07481857,0.279174,-0.1831183,0.0619774,0.2600781,-0.1762994,0.4612293,-0.3810677,0.07880903,0.7973983,0.0619774,0.2600781,-0.1762994,0.06950778,0.2487286,-0.1904758,-0.8864957,0.2732714,-0.2889591,-0.236539,0.06950778,0.2487286,-0.1904758,0.07733238,0.2499584,-0.1994123,-0.9216186,0.1574776,-0.3361264,0.1133091,0.1082468,0.2621007,-0.2135631,0.08881794,0.2749769,-0.1771702,-0.102951,-0.2614455,-0.2002015,0.9385983,0.08881794,0.2749769,-0.1771702,0.07558291,0.2543517,-0.1725735,0.5272418,-0.3603308,0.02231517,0.7692072,0.07558291,0.2543517,-0.1725735,0.08121397,0.2474045,-0.1863568,-0.9149488,0.2869107,-0.2364959,-0.1569095,0.08121397,0.2474045,-0.1863568,0.08760849,0.2501912,-0.1943,-0.9171567,0.185805,-0.2888035,0.2022194,0.11363,0.2556623,-0.2111708,0.1010395,0.2682635,-0.1753498,-0.1059843,-0.2026543,-0.291368,0.928872,0.1010395,0.2682635,-0.1753498,0.09159747,0.2560059,-0.1711577,0.5233996,-0.3087065,-0.09781262,0.7881534,0.09159747,0.2560059,-0.1711577,0.09334248,0.2476457,-0.1830526,-0.9129189,0.2696888,-0.1449884,-0.2698617,0.09334248,0.2476457,-0.1830526,0.09680982,0.2487927,-0.1902472,-0.9511368,0.2029425,-0.200819,0.1175788
right,0.08477943,0.2608271,-0.1927315,-0.01163575,-0.8106147,0.0547497,-0.3167749,-0.8885179,0.3319484,-0.5046433,0.4542066,0.7341876,-0.2123714,-0.2963184,-0.1031477,0.9254482,1,0.6638745,0.09385962,0.2451614,-0.2260009,0.09385962,0.2451614,-0.2260009,-0.4564499,-0.3009296,0.3942417,0.7386937,0.09385962,0.2451614,-0.2260009,0.05818655,0.2488803,-0.2173867,-0.4115336,-0.4624639,0.4584314,0.6376582,0.05818655,0.2488803,-0.2173867,0.04104124,0.2505345,-0.2071136,-0.3263359,-0.3706655,0.5092589,0.7048172,0.04104124,0.2505345,-0.2071136,0.03706609,0.250033,-0.1958722,-0.08462962,-0.1478471,0.5927207,0.7871856,0.09766222,0.2548983,-0.2237044,0.06351399,0.2712433,-0.1898438,-0.1529666,-0.3785142,-0.05689373,0.9110935,0.06351399,0.2712433,-0.1898438,0.05161892,0.259667,-0.1792544,0.2813196,-0.3897921,0.1281484,0.8674672,0.05161892,0.259667,-0.1792544,0.05540469,0.2486182,-0.1844814,-0.7943753,0.2705821,-0.3327446,-0.4301561,0.05540469,0.2486182,-0.1844814,0.06240013,0.2455515,-0.1926581,-0.9169723,0.1566625,-0.3560422,-0.0886152,0.1020765,0.2567803,-0.2192124,0.07464347,0.2721504,-0.1827258,-0.1205373,-0.3266826,-0.1467765,0.9258541,0.07464347,0.2721504,-0.1827258,0.06235013,0.2530127,-0.1756833,0.4627255,-0.3714867,0.08473991,0.8004385,0.06235013,0.2530127,-0.1756833,0.07010773,0.2416631,-0.1900064,-0.8906966,0.2595905,-0.2883856,-0.2368672,0.07010773,0.2416631,-0.1900064,0.07785659,0.2429881,-0.1989719,-0.9247149,0.144388,-0.33386,0.1122136,0.107983,0.2549807,-0.2133245,0.08874496,0.268218,-0.1769253,-0.1094325,-0.259205,-0.1936513,0.9398598,0.08874496,0.268218,-0.1769253,0.07591912,0.2479551,-0.1713798,0.5164662,-0.3472924,0.02166178,0.7824202,0.07591912,0.2479551,-0.1713798,0.08135457,0.2407875,-0.1850683,-0.9180157,0.2740402,-0.2312755,-0.1692953,0.08135457,0.2407875,-0.1850683,0.08752742,0.2434351,-0.1932243,-0.9245129,0.176755,-0.2798294,0.1890214,0.1134856,0.2485656,-0.2109441,0.1010874,0.2615802,-0.175174,-0.1130601,-0.2011309,-0.285268,0.9302612,0.1010874,0.2615802,-0.175174,0.09189948,0.2495734,-0.1703524,0.5091172,-0.2981293,-0.09940396,0.8012724,0.09189948,0.2495734,-0.1703524,0.09350128,0.2411237,-0.1818735,-0.9132349,0.2582229,-0.1407333,-0.2819878,0.09350128,0.2411237,-0.1818735,0.09678366,0.2421987,-0.1890527,-0.9555613,0.193574,-0.1933449,0.1097703
right,0.08477943,0.2608271,-0.1927315,-0.01163575,-0.8106147,0.0547497,-0.3167749,-0.8885179,0.3319484,-0.5046433,0.4542066,0.7341876,-0.2123714,-0.2963184,-0.1031477,0.9254482,1,0.6638745,0.09385962,0.2451614,-0.2260009,0.09385962,0.2451614,-0.2260009,-0.4564499,-0.3009296,0.3942417,0.7386937,0.09385962,0.2451614,-0.2260009,0.05818655,0.2488803,-0.2173867,-0.4115336,-0.4624639,0.4584314,0.6376582,0.05818655,0.2488803,-0.2173867,0.04104124,0.2505345,-0.2071136,-0.3263359,-0.3706655,0.5092589,0.7048172,0.04104124,0.2505345,-0.2071136,0.03706609,0.250033,-0.1958722,-0.08462962,-0.1478471,0.5927207,0.7871856,0.09766222,0.2548983,-0.2237044,0.06351399,0.2712433,-0.1898438,-0.1529666,-0.3785142,-0.05689373,0.9110935,0.06351399,0.2712433,-0.1898438,0.05161892,0.259667,-0.1792544,0.2813196,-0.3897921,0.1281484,0.8674672,0.05161892,0.259667,-0.1792544,0.05540469,0.2486182,-0.1844814,-0.7943753,0.2705821,-0.3327446,-0.4301561,0.05540469,0.2486182,-0.1844814,0.06240013,0.2455515,-0.1926581,-0.9169723,0.1566625,-0.3560422,-0.0886152,0.1020765,0.2567803,-0.2192124,0.07464347,0.2721504,-0.1827258,-0.1205373,-0.3266826,-0.1467765,0.9258541,0.07464347,0.2721504,-0.1827258,0.06235013,0.2530127,-0.1756833,0.4627255,-0.3714867,0.08473991,0.8004385,0.06235013,0.2530127,-0.1756833,0.07010773,0.2416631,-0.1900064,-0.8906966,0.2595905,-0.2883856,-0.2368672,0.07010773,0.2416631,-0.1900064,0.07785659,0.2429881,-0.1989719,-0.9247149,0.144388,-0.33386,0.1122136,0.107983,0.2549807,-0.2133245,0.08874496,0.268218,-0.1769253,-0.1094325,-0.259205,-0.1936513,0.9398598,0.08874496,0.268218,-0.1769253,0.07591912,0.2479551,-0.1713798,0.5164662,-0.3472924,0.02166178,0.7824202,0.07591912,0.2479551,-0.1713798,0.08135457,0.2407875,-0.1850683,-0.9180157,0.2740402,-0.2312755,-0.1692953,0.08135457,0.2407875,-0.1850683,0.08752742,0.2434351,-0.1932243,-0.9245129,0.176755,-0.2798294,0.1890214,0.1134856,0.2485656,-0.2109441,0.1010874,0.2615802,-0.175174,-0.1130601,-0.2011309,-0.285268,0.9302612,0.1010874,0.2615802,-0.175174,0.09189948,0.2495734,-0.1703524,0.5091172,-0.2981293,-0.09940396,0.8012724,0.09189948,0.2495734,-0.1703524,0.09350128,0.2411237,-0.1818735,-0.9132349,0.2582229,-0.1407333,-0.2819878,0.09350128,0.2411237,-0.1818735,0.09678366,0.2421987,-0.1890527,-0.9555613,0.193574,-0.1933449,0.1097703
right,0.08432353,0.2538767,-0.1919193,-0.05251103,-0.8005526,0.09355552,-0.2963582,-0.8897634,0.3471209,-0.5107328,0.4547576,0.7296215,-0.2165995,-0.2971092,-0.09057001,0.9255311,1,0.6314249,0.09363479,0.2379202,-0.2248924,0.09363479,0.2379202,-0.2248924,-0.4579753,-0.3009147,0.4054239,0.7316696,0.09363479,0.2379202,-0.2248924,0.05785153,0.2412463,-0.2166021,-0.4160427,-0.4631604,0.4668186,0.6280695,0.05785153,0.2412463,-0.2166021,0.04064338,0.2428337,-0.2063791,-0.3308793,-0.3687066,0.5183363,0.6970665,0.04064338,0.2428337,-0.2063791,0.03668992,0.2424439,-0.1951847,-0.08984926,-0.1439392,0.6013628,0.7807506,0.09717219,0.2477467,-0.2228477,0.06280279,0.2639083,-0.1890333,-0.1561101,-0.3783484,-0.04398108,0.9113439,0.06280279,0.2639083,-0.1890333,0.05140744,0.2520924,-0.1779581,0.2822287,-0.3751019,0.1393441,0.871911,0.05140744,0.2520924,-0.1779581,0.05577182,0.2410096,-0.1829879,-0.8000156,0.23341,-0.3384539,-0.4369712,0.05577182,0.2410096,-0.1829879,0.06290134,0.2380674,-0.1911537,-0.9220324,0.1155404,-0.3564027,-0.09738486,0.1015893,0.2498191,-0.2184238,0.07397429,0.2651874,-0.1819992,-0.1245606,-0.3268358,-0.1341771,0.9271783,0.07397429,0.2651874,-0.1819992,0.06232093,0.2459222,-0.1742451,0.4594417,-0.3551098,0.09260991,0.8088471,0.06232093,0.2459222,-0.1742451,0.07051173,0.2344829,-0.1883958,-0.8957916,0.2283191,-0.2917142,-0.2456229,0.07051173,0.2344829,-0.1883958,0.07825791,0.2359057,-0.1974811,-0.9302204,0.1117853,-0.3338206,0.1037205,0.1075707,0.2481565,-0.2126376,0.08820319,0.2615619,-0.1763084,-0.11439,-0.2595744,-0.1814463,0.9416015,0.08820319,0.2615619,-0.1763084,0.07586057,0.2414619,-0.1696475,0.5037905,-0.3321322,0.02564685,0.7970104,0.07586057,0.2414619,-0.1696475,0.08136945,0.2341239,-0.1830515,-0.9223297,0.248787,-0.2329556,-0.1820567,0.08136945,0.2341239,-0.1830515,0.0874062,0.2366532,-0.1913178,-0.932078,0.1524057,-0.2786403,0.1742488,0.113159,0.2418979,-0.2102252,0.1006395,0.2552151,-0.1745563,-0.1187767,-0.2022725,-0.273595,0.9328042,0.1006395,0.2552151,-0.1745563,0.0916651,0.2432449,-0.1692607,0.4981829,-0.2915048,-0.09281449,0.8113102,0.0916651,0.2432449,-0.1692607,0.09340387,0.23468,-0.1804054,-0.9133141,0.243532,-0.1451683,-0.2923623,0.09340387,0.23468,-0.1804054,0.09668779,0.2356861,-0.1873858,-0.9582162,0.174514,-0.2012983,0.1041422
right,0.08432353,0.2538767,-0.1919193,-0.05251103,-0.8005526,0.09355552,-0.2963582,-0.8897634,0.3471209,-0.5107328,0.4547576,0.7296215,-0.2165995,-0.2971092,-0.09057001,0.9255311,1,0.6314249,0.09363479,0.2379202,-0.2248924,0.09363479,0.2379202,-0.2248924,-0.4579753,-0.3009147,0.4054239,0.7316696,0.09363479,0.2379202,-0.2248924,0.05785153,0.2412463,-0.2166021,-0.4160427,-0.4631604,0.4668186,0.6280695,0.05785153,0.2412463,-0.2166021,0.04064338,0.2428337,-0.2063791,-0.3308793,-0.3687066,0.5183363,0.6970665,0.04064338,0.2428337,-0.2063791,0.03668992,0.2424439,-0.1951847,-0.08984926,-0.1439392,0.6013628,0.7807506,0.09717219,0.2477467,-0.2228477,0.06280279,0.2639083,-0.1890333,-0.1561101,-0.3783484,-0.04398108,0.9113439,0.06280279,0.2639083,-0.1890333,0.05140744,0.2520924,-0.1779581,0.2822287,-0.3751019,0.1393441,0.871911,0.05140744,0.2520924,-0.1779581,0.05577182,0.2410096,-0.1829879,-0.8000156,0.23341,-0.3384539,-0.4369712,0.05577182,0.2410096,-0.1829879,0.06290134,0.2380674,-0.1911537,-0.9220324,0.1155404,-0.3564027,-0.09738486,0.1015893,0.2498191,-0.2184238,0.07397429,0.2651874,-0.1819992,-0.1245606,-0.3268358,-0.1341771,0.9271783,0.07397429,0.2651874,-0.1819992,0.06232093,0.2459222,-0.1742451,0.4594417,-0.3551098,0.09260991,0.8088471,0.06232093,0.2459222,-0.1742451,0.07051173,0.2344829,-0.1883958,-0.8957916,0.2283191,-0.2917142,-0.2456229,0.07051173,0.2344829,-0.1883958,0.07825791,0.2359057,-0.1974811,-0.9302204,0.1117853,-0.3338206,0.1037205,0.1075707,0.2481565,-0.2126376,0.08820319,0.2615619,-0.1763084,-0.11439,-0.2595744,-0.1814463,0.9416015,0.08820319,0.2615619,-0.1763084,0.07586057,0.2414619,-0.1696475,0.5037905,-0.3321322,0.02564685,0.7970104,0.07586057,0.2414619,-0.1696475,0.08136945,0.2341239,-0.1830515,-0.9223297,0.248787,-0.2329556,-0.1820567,0.08136945,0.2341239,-0.1830515,0.0874062,0.2366532,-0.1913178,-0.932078,0.1524057,-0.2786403,0.1742488,0.113159,0.2418979,-0.2102252,0.1006395,0.2552151,-0.1745563,-0.1187767,-0.2022725,-0.273595,0.9328042,0.1006395,0.2552151,-0.1745563,0.0916651,0.2432449,-0.1692607,0.4981829,-0.2915048,-0.09281449,0.8113102,0.0916651,0.2432449,-0.1692607,0.09340387,0.23468,-0.1804054,-0.9133141,0.243532,-0.1451683,-0.2923623,0.09340387,0.23468,-0.1804054,0.09668779,0.2356861,-0.1873858,-0.9582162,0.174514,-0.2012983,0.1041422
right,0.08391199,0.2471555,-0.1905204,-0.04755996,-0.7767577,0.1616684,-0.2593151,-0.8915159,0.3714232,-0.5302609,0.4528539,0.7167613,-0.2230064,-0.3031295,-0.06715834,0.9240511,1,0.616217,0.09406133,0.2307466,-0.2228632,0.09406133,0.2307466,-0.2228632,-0.4617396,-0.3050965,0.4245868,0.7165463,0.09406133,0.2307466,-0.2228632,0.05791177,0.2331799,-0.2148344,-0.4198999,-0.4642291,0.4831113,0.6121919,0.05791177,0.2331799,-0.2148344,0.04036091,0.2345503,-0.2048377,-0.3401946,-0.3706344,0.5330643,0.6802501,0.04036091,0.2345503,-0.2048377,0.03619007,0.2343654,-0.1937941,-0.1061949,-0.1450092,0.6158021,0.7671263,0.09706445,0.2407613,-0.2212224,0.06190453,0.2564377,-0.1877748,-0.1606569,-0.3824311,-0.01974207,0.9096956,0.06190453,0.2564377,-0.1877748,0.05078512,0.2447579,-0.1757979,0.2660365,-0.3620849,0.156699,0.8795251,0.05078512,0.2447579,-0.1757979,0.05536937,0.2336112,-0.1801451,-0.7919194,0.2061784,-0.3454916,-0.4593361,0.05536937,0.2336112,-0.1801451,0.06269787,0.2304896,-0.1881007,-0.920262,0.08029694,-0.3640553,-0.1188864,0.1013932,0.2431256,-0.2169589,0.07303098,0.258363,-0.1808717,-0.130381,-0.3315202,-0.1102753,0.9278656,0.07303098,0.258363,-0.1808717,0.06174435,0.2393056,-0.1719208,0.4399014,-0.3451732,0.1079834,0.8219987,0.06174435,0.2393056,-0.1719208,0.0701727,0.2277395,-0.1855703,-0.8952634,0.2087866,-0.297983,-0.2571338,0.0701727,0.2277395,-0.1855703,0.07816693,0.2289555,-0.1948232,-0.9318038,0.09074289,-0.3406817,0.08627546,0.1074049,0.2417409,-0.2112879,0.08738904,0.2553559,-0.175241,-0.1218029,-0.2647222,-0.158149,0.9434379,0.08738904,0.2553559,-0.175241,0.07540403,0.2357347,-0.1671935,0.4785288,-0.3253134,0.03971663,0.8146189,0.07540403,0.2357347,-0.1671935,0.08102021,0.2281107,-0.180056,-0.9211745,0.2325743,-0.2409118,-0.1982629,0.08102021,0.2281107,-0.180056,0.08713353,0.2302659,-0.1883927,-0.9361936,0.1351398,-0.287456,0.1504921,0.1132505,0.2357881,-0.2087391,0.1001009,0.2495842,-0.1733507,-0.1272336,-0.2087942,-0.2512425,0.9365329,0.1001009,0.2495842,-0.1733507,0.09119611,0.2377176,-0.1674847,0.4781862,-0.2957945,-0.07415652,0.8236167,0.09119611,0.2377176,-0.1674847,0.09306088,0.2290468,-0.178053,-0.9072987,0.2445602,-0.1564719,-0.3041641,0.09306088,0.2290468,-0.178053,0.09645705,0.2298736,-0.1848727,-0.9571605,0.1697177,-0.214757,0.09444074
right,0.08391199,0.2471555,-0.1905204,-0.04755996,-0.7767577,0.1616684,-0.2593151,-0.8915159,0.3714232,-0.5302609,0.4528539,0.7167613,-0.2230064,-0.3031295,-0.06715834,0.9240511,1,0.616217,0.09406133,0.2307466,-0.2228632,0.09406133,0.2307466,-0.2228632,-0.4617396,-0.3050965,0.4245868,0.7165463,0.09406133,0.2307466,-0.2228632,0.05791177,0.2331799,-0.2148344,-0.4198999,-0.4642291,0.4831113,0.6121919,0.05791177,0.2331799,-0.2148344,0.04036091,0.2345503,-0.2048377,-0.3401946,-0.3706344,0.5330643,0.6802501,0.04036091,0.2345503,-0.2048377,0.03619007,0.2343654,-0.1937941,-0.1061949,-0.1450092,0.6158021,0.7671263,0.09706445,0.2407613,-0.2212224,0.06190453,0.2564377,-0.1877748,-0.1606569,-0.3824311,-0.01974207,0.9096956,0.06190453,0.2564377,-0.1877748,0.05078512,0.2447579,-0.1757979,0.2660365,-0.3620849,0.156699,0.8795251,0.05078512,0.2447579,-0.1757979,0.05536937,0.2336112,-0.1801451,-0.7919194,0.2061784,-0.3454916,-0.4593361,0.05536937,0.2336112,-0.1801451,0.06269787,0.2304896,-0.1881007,-0.920262,0.08029694,-0.3640553,-0.1188864,0.1013932,0.2431256,-0.2169589,0.07303098,0.258363,-0.1808717,-0.130381,-0.3315202,-0.1102753,0.9278656,0.07303098,0.258363,-0.1808717,0.06174435,0.2393056,-0.1719208,0.4399014,-0.3451732,0.1079834,0.8219987,0.06174435,0.2393056,-0.1719208,0.0701727,0.2277395,-0.1855703,-0.8952634,0.2087866,-0.297983,-0.2571338,0.0701727,0.2277395,-0.1855703,0.07816693,0.2289555,-0.1948232,-0.9318038,0.09074289,-0.3406817,0.08627546,0.1074049,0.2417409,-0.2112879,0.08738904,0.2553559,-0.175241,-0.1218029,-0.2647222,-0.158149,0.9434379,0.08738904,0.2553559,-0.175241,0.07540403,0.2357347,-0.1671935,0.4785288,-0.3253134,0.03971663,0.8146189,0.07540403,0.2357347,-0.1671935,0.08102021,0.2281107,-0.180056,-0.9211745,0.2325743,-0.2409118,-0.1982629,0.08102021,0.2281107,-0.180056,0.08713353,0.2302659,-0.1883927,-0.9361936,0.1351398,-0.287456,0.1504921,0.1132505,0.2357881,-0.2087391,0.1001009,0.2495842,-0.1733507,-0.1272336,-0.2087942,-0.2512425,0.9365329,0.1001009,0.2495842,-0.1733507,0.09119611,0.2377176,-0.1674847,0.4781862,-0.2957945,-0.07415652,0.8236167,0.09119611,0.2377176,-0.1674847,0.09306088,0.2290468,-0.178053,-0.9072987,0.2445602,-0.1564719,-0.3041641,0.09306088,0.2290468,-0.178053,0.09645705,0.2298736,-0.1848727,-0.9571605,0.1697177,-0.214757,0.09444074
right,0.08369632,0.2403562,-0.1883289,-0.02475222,-0.7803611,0.2515191,-0.2458969,-0.8922274,0.3787677,-0.5348777,0.4507864,0.7146311,-0.2244428,-0.3038254,-0.05925988,0.924015,1,0.6028844,0.09387682,0.2238688,-0.2204353,0.09387682,0.2238688,-0.2204353,-0.461779,-0.3058601,0.4313084,0.7121678,0.09387682,0.2238688,-0.2204353,0.05770519,0.2259516,-0.2123713,-0.4194707,-0.4641319,0.4889584,0.6079025,0.05770519,0.2259516,-0.2123713,0.04010072,0.2271416,-0.2025045,-0.3417715,-0.3730392,0.5384731,0.6738552,0.04010072,0.2271416,-0.2025045,0.03568684,0.2268281,-0.1915817,-0.1107337,-0.1559536,0.6235375,0.7580352,0.09671916,0.2339649,-0.2189733,0.06148729,0.2493707,-0.1856207,-0.1614276,-0.3825253,-0.01172145,0.9096583,0.06148729,0.2493707,-0.1856207,0.05025532,0.2376691,-0.1729771,0.2574617,-0.3554122,0.1599445,0.8842021,0.05025532,0.2376691,-0.1729771,0.05503442,0.2264065,-0.17723,-0.7918165,0.1928667,-0.3461859,-0.4647413,0.05503442,0.2264065,-0.17723,0.06244276,0.2232513,-0.1852988,-0.9216764,0.06654807,-0.3615175,-0.1240528,0.1011157,0.2363622,-0.2147584,0.0726806,0.2514449,-0.1787845,-0.1316875,-0.3317236,-0.102353,0.9285159,0.0726806,0.2514449,-0.1787845,0.06113896,0.2326714,-0.1691384,0.42482,-0.3450181,0.1092339,0.8297942,0.06113896,0.2326714,-0.1691384,0.06964703,0.2209957,-0.1826012,-0.8937667,0.2050781,-0.3010737,-0.2616843,0.06964703,0.2209957,-0.1826012,0.07778688,0.222064,-0.1919308,-0.9315901,0.08663011,-0.3442782,0.07815161,0.1071911,0.2351214,-0.2091219,0.08710849,0.2487015,-0.1731967,-0.1236948,-0.2650296,-0.1503784,0.9443756,0.08710849,0.2487015,-0.1731967,0.07527921,0.2293385,-0.1642047,0.4647246,-0.3159502,0.04024493,0.8261881,0.07527921,0.2293385,-0.1642047,0.08082752,0.2215414,-0.1769004,-0.922375,0.2202289,-0.2390269,-0.2087813,0.08082752,0.2215414,-0.1769004,0.08688997,0.2235403,-0.1853744,-0.9401963,0.124082,-0.2856887,0.1379003,0.1131284,0.2291968,-0.2065209,0.09989446,0.2430487,-0.1712711,-0.1296038,-0.2095014,-0.2437221,0.938036,0.09989446,0.2430487,-0.1712711,0.0911478,0.2312026,-0.1647794,0.4661063,-0.2846869,-0.07337517,0.8344545,0.0911478,0.2312026,-0.1647794,0.09303743,0.2223974,-0.1750244,-0.9078628,0.2265434,-0.1553366,-0.3167549,0.09303743,0.2223974,-0.1750244,0.09642772,0.2231468,-0.1819117,-0.9611947,0.1502576,-0.2154832,0.08422791
right,0.08333836,0.2334693,-0.185482,-0.04133074,-0.7951635,0.3287002,-0.2379368,-0.894486,0.3785246,-0.5410659,0.4457144,0.7131524,-0.2230361,-0.3060698,-0.05488106,0.9238854,1,0.5951081,0.09374209,0.2170567,-0.2175304,0.09374209,0.2170567,-0.2175304,-0.4609136,-0.3089322,0.4343403,0.7095549,0.09374209,0.2170567,-0.2175304,0.0574831,0.2188935,-0.2094905,-0.4183641,-0.4656873,0.4911308,0.6057205,0.0574831,0.2188935,-0.2094905,0.03975679,0.2199286,-0.1996619,-0.341334,-0.3759664,0.5409039,0.6704949,0.03975679,0.2199286,-0.1996619,0.03521289,0.2195104,-0.1887934,-0.111962,-0.1626292,0.6275643,0.753113,0.0964255,0.2272539,-0.2160324,0.0609764,0.2423148,-0.1827856,-0.1596856,-0.3844288,-0.007322954,0.9092092,0.0609764,0.2423148,-0.1827856,0.04969072,0.2305001,-0.1700122,0.2564525,-0.355358,0.1637259,0.883825,0.04969072,0.2305001,-0.1700122,0.05461872,0.2192135,-0.1741996,-0.7910501,0.1876056,-0.349845,-0.4654592,0.05461872,0.2192135,-0.1741996,0.06213466,0.2160779,-0.1822201,-0.9205263,0.05897236,-0.3652072,-0.1256078,0.1008206,0.229626,-0.2118684,0.07216185,0.2444325,-0.1759848,-0.1300919,-0.3335204,-0.09783331,0.9285843,0.07216185,0.2444325,-0.1759848,0.0605947,0.2257918,-0.1660579,0.4188706,-0.3441183,0.1108969,0.8329657,0.0605947,0.2257918,-0.1660579,0.06925297,0.2140158,-0.1794608,-0.8932484,0.2000808,-0.3036071,-0.2643816,0.06925297,0.2140158,-0.1794608,0.07746601,0.2150009,-0.1888515,-0.9319406,0.0817531,-0.3457432,0.07255925,0.1069107,0.2284863,-0.2062479,0.0866156,0.2418738,-0.170392,-0.1223755,-0.266816,-0.1457824,0.944765,0.0866156,0.2418738,-0.170392,0.07488811,0.2226667,-0.1608975,0.4571185,-0.3109397,0.04094864,0.8322755,0.07488811,0.2226667,-0.1608975,0.08040154,0.2148045,-0.1734564,-0.922954,0.212962,-0.238399,-0.2144038,0.08040154,0.2148045,-0.1734564,0.08642848,0.2167146,-0.1820045,-0.9424245,0.1175959,-0.2844256,0.1308023,0.1129436,0.2225229,-0.2036402,0.09949273,0.2362499,-0.168443,-0.1284458,-0.2113282,-0.2391742,0.9389557,0.09949273,0.2362499,-0.168443,0.09076947,0.2244235,-0.1617039,0.4601807,-0.2825097,-0.07140443,0.8386438,0.09076947,0.2244235,-0.1617039,0.09267802,0.215598,-0.17185,-0.9075674,0.2232285,-0.1560258,-0.3196034,0.09267802,0.215598,-0.17185,0.09611017,0.2163043,-0.1787515,-0.9615517,0.1457598,-0.2183661,0.08055291
right,0.08333836,0.2334693,-0.185482,-0.04133074,-0.7951635,0.3287002,-0.2379368,-0.894486,0.3785246,-0.5410659,0.4457144,0.7131524,-0.2230361,-0.3060698,-0.05488106,0.9238854,1,0.5951081,0.09374209,0.2170567,-0.2175304,0.09374209,0.2170567,-0.2175304,-0.4609136,-0.3089322,0.4343403,0.7095549,0.09374209,0.2170567,-0.2175304,0.0574831,0.2188935,-0.2094905,-0.4183641,-0.4656873,0.4911308,0.6057205,0.0574831,0.2188935,-0.2094905,0.03975679,0.2199286,-0.1996619,-0.341334,-0.3759664,0.5409039,0.6704949,0.03975679,0.2199286,-0.1996619,0.03521289,0.2195104,-0.1887934,-0.111962,-0.1626292,0.6275643,0.753113,0.0964255,0.2272539,-0.2160324,0.0609764,0.2423148,-0.1827856,-0.1596856,-0.3844288,-0.007322954,0.9092092,0.0609764,0.2423148,-0.1827856,0.04969072,0.2305001,-0.1700122,0.2564525,-0.355358,0.1637259,0.883825,0.04969072,0.2305001,-0.1700122,0.05461872,0.2192135,-0.1741996,-0.7910501,0.1876056,-0.349845,-0.4654592,0.05461872,0.2192135,-0.1741996,0.06213466,0.2160779,-0.1822201,-0.9205263,0.05897236,-0.3652072,-0.1256078,0.1008206,0.229626,-0.2118684,0.07216185,0.2444325,-0.1759848,-0.1300919,-0.3335204,-0.09783331,0.9285843,0.07216185,0.2444325,-0.1759848,0.0605947,0.2257918,-0.1660579,0.4188706,-0.3441183,0.1108969,0.8329657,0.0605947,0.2257918,-0.1660579,0.06925297,0.2140158,-0.1794608,-0.8932484,0.2000808,-0.3036071,-0.2643816,0.06925297,0.2140158,-0.1794608,0.07746601,0.2150009,-0.1888515,-0.9319406,0.0817531,-0.3457432,0.07255925,0.1069107,0.2284863,-0.2062479,0.0866156,0.2418738,-0.170392,-0.1223755,-0.266816,-0.1457824,0.944765,0.0866156,0.2418738,-0.170392,0.07488811,0.2226667,-0.1608975,0.4571185,-0.3109397,0.04094864,0.8322755,0.07488811,0.2226667,-0.1608975,0.08040154,0.2148045,-0.1734564,-0.922954,0.212962,-0.238399,-0.2144038,0.08040154,0.2148045,-0.1734564,0.08642848,0.2167146,-0.1820045,-0.9424245,0.1175959,-0.2844256,0.1308023,0.1129436,0.2225229,-0.2036402,0.09949273,0.2362499,-0.168443,-0.1284458,-0.2113282,-0.2391742,0.9389557,0.09949273,0.2362499,-0.168443,0.09076947,0.2244235,-0.1617039,0.4601807,-0.2825097,-0.07140443,0.8386438,0.09076947,0.2244235,-0.1617039,0.09267802,0.215598,-0.17185,-0.9075674,0.2232285,-0.1560258,-0.3196034,0.09267802,0.215598,-0.17185,0.09611017,0.2163043,-0.1787515,-0.9615517,0.1457598,-0.2183661,0.08055291
right,0.08290631,0.2267867,-0.1821947,-0.04997119,-0.7729128,0.3802108,-0.2331128,-0.8949408,0.3804463,-0.5501036,0.4439699,0.7073025,-0.2234151,-0.310539,-0.05113982,0.9225161,1,0.5848274,0.09365232,0.210305,-0.214051,0.09365232,0.210305,-0.214051,-0.4626443,-0.3126228,0.4362866,0.705607,0.09365232,0.210305,-0.214051,0.05727349,0.2118944,-0.2061745,-0.4188557,-0.4678162,0.4933399,0.6019332,0.05727349,0.2118944,-0.2061745,0.0394462,0.2128808,-0.1964268,-0.3433678,-0.3774967,0.5426399,0.6671857,0.0394462,0.2128808,-0.1964268,0.03476253,0.2124972,-0.1855735,-0.1172353,-0.1655918,0.6291552,0.7503326,0.0961647,0.2205998,-0.2125546,0.06039923,0.2354692,-0.1796835,-0.1598774,-0.3884751,-0.003250845,0.9074777,0.06039923,0.2354692,-0.1796835,0.04908831,0.2234739,-0.1667055,0.2559109,-0.3539042,0.1687356,0.8836231,0.04908831,0.2234739,-0.1667055,0.05419298,0.2121136,-0.17086,-0.7906741,0.1817936,-0.3530153,-0.4660104,0.05419298,0.2121136,-0.17086,0.06189923,0.2090298,-0.178846,-0.9188409,0.04895668,-0.3707775,-0.125931,0.1005518,0.223016,-0.2084109,0.0715483,0.2376999,-0.1728562,-0.1302067,-0.3376982,-0.09367186,0.9274868,0.0715483,0.2376999,-0.1728562,0.05982159,0.219142,-0.1627083,0.4120866,-0.346963,0.1144503,0.8346871,0.05982159,0.219142,-0.1627083,0.06866629,0.2072952,-0.1760326,-0.8916008,0.199464,-0.3084537,-0.2647987,0.06866629,0.2072952,-0.1760326,0.07703325,0.2082594,-0.1854211,-0.9305161,0.07953629,-0.3503838,0.07102746,0.1066349,0.2219221,-0.2027392,0.0859938,0.2352605,-0.1671448,-0.1226307,-0.27112,-0.1416591,0.9441336,0.0859938,0.2352605,-0.1671448,0.07439635,0.2163415,-0.1571023,0.447311,-0.3062089,0.0422997,0.8392614,0.07439635,0.2163415,-0.1571023,0.07984763,0.2083376,-0.1694376,-0.922493,0.2056518,-0.2382331,-0.2235151,0.07984763,0.2083376,-0.1694376,0.08579113,0.2100959,-0.1780273,-0.9450683,0.1109499,-0.2826564,0.1210014,0.1127514,0.2159805,-0.2000917,0.09894548,0.2297135,-0.165106,-0.1285807,-0.2158287,-0.2352099,0.938915,0.09894548,0.2297135,-0.165106,0.09014308,0.2179,-0.1580536,0.4518547,-0.2827318,-0.06867304,0.8433114,0.09014308,0.2179,-0.1580536,0.09211259,0.2089874,-0.1680753,-0.9060605,0.2207108,-0.1591203,-0.3240708,0.09211259,0.2089874,-0.1680753,0.09563354,0.2096378,-0.1749775,-0.9612965,0.1405148,-0.2243706,0.07630486
right,0.08290631,0.2267867,-0.1821947,-0.04997119,-0.7729128,0.3802108,-0.2331128,-0.8949408,0.3804463,-0.5501036,0.4439699,0.7073025,-0.2234151,-0.310539,-0.05113982,0.9225161,1,0.5848274,0.09365232,0.210305,-0.214051,0.09365232,0.210305,-0.214051,-0.4626443,-0.3126228,0.4362866,0.705607,0.09365232,0.210305,-0.214051,0.05727349,0.2118944,-0.2061745,-0.4188557,-0.4678162,0.4933399,0.6019332,0.05727349,0.2118944,-0.2061745,0.0394462,0.2128808,-0.1964268,-0.3433678,-0.3774967,0.5426399,0.6671857,0.0394462,0.2128808,-0.1964268,0.03476253,0.2124972,-0.1855735,-0.1172353,-0.1655918,0.6291552,0.7503326,0.0961647,0.2205998,-0.2125546,0.06039923,0.2354692,-0.1796835,-0.1598774,-0.3884751,-0.003250845,0.9074777,0.06039923,0.2354692,-0.1796835,0.04908831,0.2234739,-0.1667055,0.2559109,-0.3539042,0.1687356,0.8836231,0.04908831,0.2234739,-0.1667055,0.05419298,0.2121136,-0.17086,-0.7906741,0.1817936,-0.3530153,-0.4660104,0.05419298,0.2121136,-0.17086,0.06189923,0.2090298,-0.178846,-0.9188409,0.04895668,-0.3707775,-0.125931,0.1005518,0.223016,-0.2084109,0.0715483,0.2376999,-0.1728562,-0.1302067,-0.3376982,-0.09367186,0.9274868,0.0715483,0.2376999,-0.1728562,0.05982159,0.219142,-0.1627083,0.4120866,-0.346963,0.1144503,0.8346871,0.05982159,0.219142,-0.1627083,0.06866629,0.2072952,-0.1760326,-0.8916008,0.199464,-0.3084537,-0.2647987,0.06866629,0.2072952,-0.1760326,0.07703325,0.2082594,-0.1854211,-0.9305161,0.07953629,-0.3503838,0.07102746,0.1066349,0.2219221,-0.2027392,0.0859938,0.2352605,-0.1671448,-0.1226307,-0.27112,-0.1416591,0.9441336,0.0859938,0.2352605,-0.1671448,0.07439635,0.2163415,-0.1571023,0.447311,-0.3062089,0.0422997,0.8392614,0.07439635,0.2163415,-0.1571023,0.07984763,0.2083376,-0.1694376,-0.922493,0.2056518,-0.2382331,-0.2235151,0.07984763,0.2083376,-0.1694376,0.08579113,0.2100959,-0.1780273,-0.9450683,0.1109499,-0.2826564,0.1210014,0.1127514,0.2159805,-0.2000917,0.09894548,0.2297135,-0.165106,-0.1285807,-0.2158287,-0.2352099,0.938915,0.09894548,0.2297135,-0.165106,0.09014308,0.2179,-0.1580536,0.4518547,-0.2827318,-0.06867304,0.8433114,0.09014308,0.2179,-0.1580536,0.09211259,0.2089874,-0.1680753,-0.9060605,0.2207108,-0.1591203,-0.3240708,0.09211259,0.2089874,-0.1680753,0.09563354,0.2096378,-0.1749775,-0.9612965,0.1405148,-0.2243706,0.07630486
right,0.08204786,0.2201637,-0.178491,-0.09888739,-0.7629209,0.4266427,-0.2291001,-0.8946054,0.3836591,-0.5697538,0.4428129,0.692313,-0.2248987,-0.3213472,-0.04602016,0.9187157,1,0.5737351,0.09364031,0.203531,-0.2098542,0.09364031,0.203531,-0.2098542,-0.4679903,-0.3207023,0.4375944,0.6976004,0.09364031,0.203531,-0.2098542,0.05685898,0.2050347,-0.2023811,-0.4236728,-0.470135,0.4943953,0.5958588,0.05685898,0.2050347,-0.2023811,0.03877456,0.2060491,-0.1928585,-0.3500103,-0.3805515,0.5432584,0.6614708,0.03877456,0.2060491,-0.1928585,0.03389841,0.2057525,-0.1820785,-0.1261434,-0.169317,0.6304747,0.7469412,0.09586617,0.2139611,-0.2084113,0.05930138,0.2286295,-0.17642,-0.1612709,-0.3985071,0.002738336,0.9028711,0.05930138,0.2286295,-0.17642,0.04783282,0.2166284,-0.1629715,0.2476642,-0.3520145,0.174876,0.8855318,0.04783282,0.2166284,-0.1629715,0.0532558,0.2051962,-0.1669542,-0.7886058,0.1679915,-0.3592937,-0.4698806,0.0532558,0.2051962,-0.1669542,0.06118042,0.2020903,-0.1748576,-0.9161034,0.0312151,-0.3769134,-0.1331032,0.1001735,0.2164481,-0.2042958,0.07031098,0.2310425,-0.1694888,-0.1311209,-0.3481349,-0.08747248,0.9240985,0.07031098,0.2310425,-0.1694888,0.05817078,0.2126084,-0.1588438,0.3979407,-0.3527696,0.1206252,0.83824,0.05817078,0.2126084,-0.1588438,0.06727846,0.2007037,-0.1719129,-0.8881938,0.1992596,-0.3174432,-0.2657767,0.06727846,0.2007037,-0.1719129,0.07604585,0.2016122,-0.1813695,-0.9273375,0.07616612,-0.3601276,0.06746756,0.1061896,0.2153922,-0.1985558,0.08469526,0.2287519,-0.1635319,-0.1235732,-0.2818875,-0.135563,0.9417493,0.08469526,0.2287519,-0.1635319,0.0729539,0.2102816,-0.1529009,0.431023,-0.3094526,0.04780155,0.8462702,0.0729539,0.2102816,-0.1529009,0.0784266,0.2020986,-0.1648887,-0.9186763,0.2060122,-0.244128,-0.232367,0.0784266,0.2020986,-0.1648887,0.08447658,0.2036038,-0.1734545,-0.944585,0.1096409,-0.2896468,0.1088248,0.1123913,0.2095059,-0.195824,0.09773038,0.2233438,-0.1612761,-0.1289293,-0.2269952,-0.2294404,0.9376606,0.09773038,0.2233438,-0.1612761,0.08846601,0.2116956,-0.154003,0.4368044,-0.2994529,-0.06012075,0.8461178,0.08846601,0.2116956,-0.154003,0.09050959,0.2026537,-0.1637562,-0.89773,0.2376908,-0.1716483,-0.3288172,0.09050959,0.2026537,-0.1637562,0.09429549,0.2031214,-0.1704929,-0.9553224,0.1498242,-0.2449616,0.07003939
right,0.08120873,0.2137129,-0.174079,-0.09681951,-0.7443053,0.5090567,-0.216973,-0.8922785,0.3959316,-0.5912706,0.4428536,0.6740028,-0.2293778,-0.3322415,-0.03530716,0.9141963,1,0.5556142,0.09358101,0.196727,-0.2048248,0.09358101,0.196727,-0.2048248,-0.474714,-0.3278394,0.4437312,0.6857626,0.09358101,0.196727,-0.2048248,0.05659723,0.197645,-0.1977082,-0.4265444,-0.4728724,0.502052,0.5851456,0.05659723,0.197645,-0.1977082,0.03824342,0.1985221,-0.1883332,-0.3556786,-0.3824341,0.5502983,0.6514666,0.03824342,0.1985221,-0.1883332,0.03303155,0.1984275,-0.1775379,-0.1422009,-0.171822,0.6350523,0.7395706,0.09548633,0.2073042,-0.2035604,0.05818471,0.2217066,-0.1725969,-0.1652248,-0.4081308,0.01453907,0.8977297,0.05818471,0.2217066,-0.1725969,0.04663464,0.2095617,-0.1585131,0.2393107,-0.347942,0.1871985,0.8869179,0.04663464,0.2095617,-0.1585131,0.05237744,0.1980386,-0.1620696,-0.7813966,0.150172,-0.3676269,-0.4813711,0.05237744,0.1980386,-0.1620696,0.06061551,0.1949512,-0.1697601,-0.9105275,0.003666014,-0.3877184,-0.1435294,0.09975719,0.2099947,-0.1994339,0.06908321,0.2245169,-0.1655473,-0.1350098,-0.358451,-0.07562387,0.9206336,0.06908321,0.2245169,-0.1655473,0.05667124,0.2062874,-0.1541536,0.3800495,-0.3550569,0.1307093,0.844045,0.05667124,0.2062874,-0.1541536,0.0660091,0.1942376,-0.1666492,-0.8832988,0.1917015,-0.3278219,-0.2748939,0.0660091,0.1942376,-0.1666492,0.07511781,0.1949449,-0.1761742,-0.925495,0.06558985,-0.3689462,0.05509785,0.1057572,0.2090731,-0.1935431,0.08344099,0.2225482,-0.1592719,-0.1279032,-0.2927249,-0.1240544,0.9394485,0.08344099,0.2225482,-0.1592719,0.07155019,0.2046766,-0.1476896,0.4071731,-0.3110997,0.05607307,0.856903,0.07155019,0.2046766,-0.1476896,0.0770302,0.1961401,-0.159099,-0.9127111,0.2015523,-0.2519926,-0.2506688,0.0770302,0.1961401,-0.159099,0.08326868,0.1972654,-0.1677618,-0.944975,0.1025971,-0.2979665,0.08781803,0.1120669,0.2033742,-0.1906118,0.09655602,0.217463,-0.1567045,-0.1329753,-0.238713,-0.218508,0.9367966,0.09655602,0.217463,-0.1567045,0.08717493,0.2059469,-0.1489472,0.4198839,-0.3037008,-0.04905677,0.8538482,0.08717493,0.2059469,-0.1489472,0.08929714,0.1965368,-0.1582709,-0.8898696,0.235842,-0.1806442,-0.3462344,0.08929714,0.1965368,-0.1582709,0.09332053,0.1967358,-0.1651411,-0.9544665,0.1425362,-0.2569611,0.05145945
right,0.08120873,0.2137129,-0.174079,-0.09681951,-0.7443053,0.5090567,-0.216973,-0.8922785,0.3959316,-0.5912706,0.4428536,0.6740028,-0.2293778,-0.3322415,-0.03530716,0.9141963,1,0.5556142,0.09358101,0.196727,-0.2048248,0.09358101,0.196727,-0.2048248,-0.474714,-0.3278394,0.4437312,0.6857626,0.09358101,0.196727,-0.2048248,0.05659723,0.197645,-0.1977082,-0.4265444,-0.4728724,0.502052,0.5851456,0.05659723,0.197645,-0.1977082,0.03824342,0.1985221,-0.1883332,-0.3556786,-0.3824341,0.5502983,0.6514666,0.03824342,0.1985221,-0.1883332,0.03303155,0.1984275,-0.1775379,-0.1422009,-0.171822,0.6350523,0.7395706,0.09548633,0.2073042,-0.2035604,0.05818471,0.2217066,-0.1725969,-0.1652248,-0.4081308,0.01453907,0.8977297,0.05818471,0.2217066,-0.1725969,0.04663464,0.2095617,-0.1585131,0.2393107,-0.347942,0.1871985,0.8869179,0.04663464,0.2095617,-0.1585131,0.05237744,0.1980386,-0.1620696,-0.7813966,0.150172,-0.3676269,-0.4813711,0.05237744,0.1980386,-0.1620696,0.06061551,0.1949512,-0.1697601,-0.9105275,0.003666014,-0.3877184,-0.1435294,0.09975719,0.2099947,-0.1994339,0.06908321,0.2245169,-0.1655473,-0.1350098,-0.358451,-0.07562387,0.9206336,0.06908321,0.2245169,-0.1655473,0.05667124,0.2062874,-0.1541536,0.3800495,-0.3550569,0.1307093,0.844045,0.05667124,0.2062874,-0.1541536,0.0660091,0.1942376,-0.1666492,-0.8832988,0.1917015,-0.3278219,-0.2748939,0.0660091,0.1942376,-0.1666492,0.07511781,0.1949449,-0.1761742,-0.925495,0.06558985,-0.3689462,0.05509785,0.1057572,0.2090731,-0.1935431,0.08344099,0.2225482,-0.1592719,-0.1279032,-0.2927249,-0.1240544,0.9394485,0.08344099,0.2225482,-0.1592719,0.07155019,0.2046766,-0.1476896,0.4071731,-0.3110997,0.05607307,0.856903,0.07155019,0.2046766,-0.1476896,0.0770302,0.1961401,-0.159099,-0.9127111,0.2015523,-0.2519926,-0.2506688,0.0770302,0.1961401,-0.159099,0.08326868,0.1972654,-0.1677618,-0.944975,0.1025971,-0.2979665,0.08781803,0.1120669,0.2033742,-0.1906118,0.09655602,0.217463,-0.1567045,-0.1329753,-0.238713,-0.218508,0.9367966,0.09655602,0.217463,-0.1567045,0.08717493,0.2059469,-0.1489472,0.4198839,-0.3037008,-0.04905677,0.8538482,0.08717493,0.2059469,-0.1489472,0.08929714,0.1965368,-0.1582709,-0.8898696,0.235842,-0.1806442,-0.3462344,0.08929714,0.1965368,-0.1582709,0.09332053,0.1967358,-0.1651411,-0.9544665,0.1425362,-0.2569611,0.05145945
right,0.08036471,0.2073239,-0.169376,-0.09596608,-0.7264266,0.5347425,-0.2137795,-0.8921419,0.3979714,-0.6081002,0.4403661,0.6605239,-0.2301458,-0.3417177,-0.03101587,0.9106591,1,0.5561312,0.09334262,0.1903074,-0.199698,0.09334262,0.1903074,-0.199698,-0.4789729,-0.3351337,0.4445077,0.6787365,0.09334262,0.1903074,-0.199698,0.05615714,0.1905517,-0.1927024,-0.4236946,-0.4775388,0.5070391,0.5790949,0.05615714,0.1905517,-0.1927024,0.03772665,0.1910521,-0.1833718,-0.3528506,-0.3869417,0.5567369,0.6448384,0.03772665,0.1910521,-0.1833718,0.03233283,0.190782,-0.1725141,-0.1423846,-0.1790182,0.6433224,0.7306267,0.09500062,0.2009225,-0.1984934,0.05710981,0.2150521,-0.1683789,-0.1659489,-0.4169271,0.01954791,0.8934487,0.05710981,0.2150521,-0.1683789,0.04546363,0.2027692,-0.1538775,0.2351529,-0.3455396,0.1933354,0.8876525,0.04546363,0.2027692,-0.1538775,0.05139011,0.1911819,-0.1570996,-0.7753562,0.1377611,-0.3723066,-0.4911543,0.05139011,0.1911819,-0.1570996,0.05986465,0.1880876,-0.1646174,-0.9054353,-0.0164753,-0.3957231,-0.1527051,0.09928025,0.2036854,-0.1943346,0.0679428,0.2180292,-0.1611907,-0.135299,-0.3675749,-0.07037457,0.9174041,0.0679428,0.2180292,-0.1611907,0.05485142,0.2000854,-0.1493401,0.362999,-0.3645143,0.13423,0.8469613,0.05485142,0.2000854,-0.1493401,0.06402519,0.1879245,-0.1616016,-0.8777262,0.20764,-0.3324432,-0.2756155,0.06402519,0.1879245,-0.1616016,0.07348038,0.1885629,-0.1711242,-0.9210743,0.07763936,-0.3771976,0.05758655,0.1052766,0.2028601,-0.1883402,0.08227508,0.2162583,-0.1546592,-0.1282026,-0.3021368,-0.1188471,0.9370981,0.08227508,0.2162583,-0.1546592,0.07006883,0.1988709,-0.1426909,0.3916092,-0.3181579,0.06056065,0.8612492,0.07006883,0.1988709,-0.1426909,0.07541891,0.1902518,-0.1537752,-0.9074219,0.2131373,-0.2562939,-0.2558738,0.07541891,0.1902518,-0.1537752,0.08178607,0.1911124,-0.1623634,-0.9421476,0.1127701,-0.305572,0.07916217,0.1116447,0.1971867,-0.1852615,0.095426,0.2112723,-0.1518278,-0.1327407,-0.248443,-0.2135317,0.9354465,0.095426,0.2112723,-0.1518278,0.08585986,0.2000331,-0.1438763,0.406724,-0.3121313,-0.04342089,0.8574755,0.08585986,0.2000331,-0.1438763,0.08789153,0.190557,-0.152908,-0.8828636,0.2478631,-0.185934,-0.3529083,0.08789153,0.190557,-0.152908,0.09211065,0.1904699,-0.1597605,-0.9502274,0.1510323,-0.2699494,0.03720689
right,0.08036471,0.2073239,-0.169376,-0.09596608,-0.7264266,0.5347425,-0.2137795,-0.8921419,0.3979714,-0.6081002,0.4403661,0.6605239,-0.2301458,-0.3417177,-0.03101587,0.9106591,1,0.5561312,0.09334262,0.1903074,-0.199698,0.09334262,0.1903074,-0.199698,-0.4789729,-0.3351337,0.4445077,0.6787365,0.09334262,0.1903074,-0.199698,0.05615714,0.1905517,-0.1927024,-0.4236946,-0.4775388,0.5070391,0.5790949,0.05615714,0.1905517,-0.1927024,0.03772665,0.1910521,-0.1833718,-0.3528506,-0.3869417,0.5567369,0.6448384,0.03772665,0.1910521,-0.1833718,0.03233283,0.190782,-0.1725141,-0.1423846,-0.1790182,0.6433224,0.7306267,0.09500062,0.2009225,-0.1984934,0.05710981,0.2150521,-0.1683789,-0.1659489,-0.4169271,0.01954791,0.8934487,0.05710981,0.2150521,-0.1683789,0.04546363,0.2027692,-0.1538775,0.2351529,-0.3455396,0.1933354,0.8876525,0.04546363,0.2027692,-0.1538775,0.05139011,0.1911819,-0.1570996,-0.7753562,0.1377611,-0.3723066,-0.4911543,0.05139011,0.1911819,-0.1570996,0.05986465,0.1880876,-0.1646174,-0.9054353,-0.0164753,-0.3957231,-0.1527051,0.09928025,0.2036854,-0.1943346,0.0679428,0.2180292,-0.1611907,-0.135299,-0.3675749,-0.07037457,0.9174041,0.0679428,0.2180292,-0.1611907,0.05485142,0.2000854,-0.1493401,0.362999,-0.3645143,0.13423,0.8469613,0.05485142,0.2000854,-0.1493401,0.06402519,0.1879245,-0.1616016,-0.8777262,0.20764,-0.3324432,-0.2756155,0.06402519,0.1879245,-0.1616016,0.07348038,0.1885629,-0.1711242,-0.9210743,0.07763936,-0.3771976,0.05758655,0.1052766,0.2028601,-0.1883402,0.08227508,0.2162583,-0.1546592,-0.1282026,-0.3021368,-0.1188471,0.9370981,0.08227508,0.2162583,-0.1546592,0.07006883,0.1988709,-0.1426909,0.3916092,-0.3181579,0.06056065,0.8612492,0.07006883,0.1988709,-0.1426909,0.07541891,0.1902518,-0.1537752,-0.9074219,0.2131373,-0.2562939,-0.2558738,0.07541891,0.1902518,-0.1537752,0.08178607,0.1911124,-0.1623634,-0.9421476,0.1127701,-0.305572,0.07916217,0.1116447,0.1971867,-0.1852615,0.095426,0.2112723,-0.1518278,-0.1327407,-0.248443,-0.2135317,0.9354465,0.095426,0.2112723,-0.1518278,0.08585986,0.2000331,-0.1438763,0.406724,-0.3121313,-0.04342089,0.8574755,0.08585986,0.2000331,-0.1438763,0.08789153,0.190557,-0.152908,-0.8828636,0.2478631,-0.185934,-0.3529083,0.08789153,0.190557,-0.152908,0.09211065,0.1904699,-0.1597605,-0.9502274,0.1510323,-0.2699494,0.03720689
right,0.07908037,0.2004291,-0.1637101,-0.1498123,-0.8042486,0.6608918,-0.2090352,-0.8945233,0.3951359,-0.6252622,0.4329353,0.6493182,-0.2280664,-0.3511789,-0.02690898,0.9077086,1,0.5599543,0.09286129,0.1835485,-0.1937596,0.09286129,0.1835485,-0.1937596,-0.4809675,-0.3439647,0.4448914,0.6726292,0.09286129,0.1835485,-0.1937596,0.05536061,0.1835728,-0.1868198,-0.4230586,-0.4796221,0.5081586,0.5768527,0.05536061,0.1835728,-0.1868198,0.03678036,0.1839305,-0.1774975,-0.3522172,-0.3895517,0.55848,0.6421002,0.03678036,0.1839305,-0.1774975,0.03129076,0.1836009,-0.1666275,-0.1433824,-0.1824598,0.6457767,0.7274079,0.09429006,0.1942409,-0.192497,0.05564758,0.2079166,-0.163027,-0.1638155,-0.4257894,0.02413686,0.8895422,0.05564758,0.2079166,-0.163027,0.04395616,0.1956307,-0.148311,0.2311354,-0.3448021,0.198226,0.8879158,0.04395616,0.1956307,-0.148311,0.05004819,0.1841504,-0.1512583,-0.7711686,0.1260173,-0.3775812,-0.496841,0.05004819,0.1841504,-0.1512583,0.05874896,0.1811479,-0.158654,-0.9010703,-0.03539216,-0.4027343,-0.1569229,0.09847796,0.1970205,-0.1883466,0.06633979,0.2109991,-0.1557294,-0.1327153,-0.3764926,-0.06537949,0.9145302,0.06633979,0.2109991,-0.1557294,0.05285742,0.1932535,-0.1435665,0.3516704,-0.3698663,0.1377656,0.8488507,0.05285742,0.1932535,-0.1435665,0.06218836,0.1811073,-0.1555856,-0.8747889,0.208353,-0.3395944,-0.2756973,0.06218836,0.1811073,-0.1555856,0.07193729,0.1816992,-0.1651062,-0.9182799,0.07597569,-0.3845967,0.05545266,0.1043768,0.1962832,-0.1823322,0.08058619,0.2094247,-0.1490304,-0.1256327,-0.3112076,-0.1136899,0.9351155,0.08058619,0.2094247,-0.1490304,0.06802969,0.1922695,-0.1368455,0.3809296,-0.3259779,0.0656786,0.8627383,0.06802969,0.1922695,-0.1368455,0.0734249,0.1836546,-0.147725,-0.9035375,0.2212881,-0.2631556,-0.2557356,0.0734249,0.1836546,-0.147725,0.07997485,0.1843777,-0.1562968,-0.9392138,0.1194975,-0.3129076,0.07541066,0.1107739,0.1905815,-0.1791875,0.09376847,0.2044999,-0.1460153,-0.1296929,-0.2575778,-0.2084452,0.9345502,0.09376847,0.2044999,-0.1460153,0.08404976,0.1935066,-0.1377659,0.3933826,-0.3165724,-0.03995849,0.862227,0.08404976,0.1935066,-0.1377659,0.08610023,0.1839764,-0.1465305,-0.8783511,0.2505875,-0.1915178,-0.3592021,0.08610023,0.1839764,-0.1465305,0.09054282,0.1836849,-0.153468,-0.9477609,0.1501707,-0.2802409,0.02574859
right,0.07908037,0.2004291,-0.1637101,-0.1498123,-0.8042486,0.6608918,-0.2090352,-0.8945233,0.3951359,-0.6252622,0.4329353,0.6493182,-0.2280664,-0.3511789,-0.02690898,0.9077086,1,0.5599543,0.09286129,0.1835485,-0.1937596,0.09286129,0.1835485,-0.1937596,-0.4809675,-0.3439647,0.4448914,0.6726292,0.09286129,0.1835485,-0.1937596,0.05536061,0.1835728,-0.1868198,-0.4230586,-0.4796221,0.5081586,0.5768527,0.05536061,0.1835728,-0.1868198,0.03678036,0.1839305,-0.1774975,-0.3522172,-0.3895517,0.55848,0.6421002,0.03678036,0.1839305,-0.1774975,0.03129076,0.1836009,-0.1666275,-0.1433824,-0.1824598,0.6457767,0.7274079,0.09429006,0.1942409,-0.192497,0.05564758,0.2079166,-0.163027,-0.1638155,-0.4257894,0.02413686,0.8895422,0.05564758,0.2079166,-0.163027,0.04395616,0.1956307,-0.148311,0.2311354,-0.3448021,0.198226,0.8879158,0.04395616,0.1956307,-0.148311,0.05004819,0.1841504,-0.1512583,-0.7711686,0.1260173,-0.3775812,-0.496841,0.05004819,0.1841504,-0.1512583,0.05874896,0.1811479,-0.158654,-0.9010703,-0.03539216,-0.4027343,-0.1569229,0.09847796,0.1970205,-0.1883466,0.06633979,0.2109991,-0.1557294,-0.1327153,-0.3764926,-0.06537949,0.9145302,0.06633979,0.2109991,-0.1557294,0.05285742,0.1932535,-0.1435665,0.3516704,-0.3698663,0.1377656,0.8488507,0.05285742,0.1932535,-0.1435665,0.06218836,0.1811073,-0.1555856,-0.8747889,0.208353,-0.3395944,-0.2756973,0.06218836,0.1811073,-0.1555856,0.07193729,0.1816992,-0.1651062,-0.9182799,0.07597569,-0.3845967,0.05545266,0.1043768,0.1962832,-0.1823322,0.08058619,0.2094247,-0.1490304,-0.1256327,-0.3112076,-0.1136899,0.9351155,0.08058619,0.2094247,-0.1490304,0.06802969,0.1922695,-0.1368455,0.3809296,-0.3259779,0.0656786,0.8627383,0.06802969,0.1922695,-0.1368455,0.0734249,0.1836546,-0.147725,-0.9035375,0.2212881,-0.2631556,-0.2557356,0.0734249,0.1836546,-0.147725,0.07997485,0.1843777,-0.1562968,-0.9392138,0.1194975,-0.3129076,0.07541066,0.1107739,0.1905815,-0.1791875,0.09376847,0.2044999,-0.1460153,-0.1296929,-0.2575778,-0.2084452,0.9345502,0.09376847,0.2044999,-0.1460153,0.08404976,0.1935066,-0.1377659,0.3933826,-0.3165724,-0.03995849,0.862227,0.08404976,0.1935066,-0.1377659,0.08610023,0.1839764,-0.1465305,-0.8783511,0.2505875,-0.1915178,-0.3592021,0.08610023,0.1839764,-0.1465305,0.09054282,0.1836849,-0.153468,-0.9477609,0.1501707,-0.2802409,0.02574859
right,0.07791542,0.1943683,-0.1580634,-0.1336718,-0.6954499,0.6479381,-0.2109361,-0.8916034,0.4006861,-0.6490508,0.4342578,0.6246224,-0.2316736,-0.3660821,-0.02292635,0.9009914,1,0.5658738,0.09271935,0.177264,-0.1873374,0.09271935,0.177264,-0.1873374,-0.4900456,-0.3536617,0.4436845,0.6617573,0.09271935,0.177264,-0.1873374,0.05484716,0.176734,-0.1806219,-0.4234246,-0.4831378,0.5131183,0.5692092,0.05484716,0.176734,-0.1806219,0.03604559,0.1768798,-0.1714459,-0.3548558,-0.3934253,0.5631397,0.6341668,0.03604559,0.1768798,-0.1714459,0.03035119,0.1765817,-0.1606424,-0.1515437,-0.1866767,0.6503301,0.7205949,0.09392461,0.1880128,-0.1862304,0.05435397,0.2016054,-0.1581635,-0.1676566,-0.4397163,0.02945982,0.8818576,0.05435397,0.2016054,-0.1581635,0.04236351,0.1893179,-0.1431525,0.2225523,-0.3483664,0.2068241,0.8867554,0.04236351,0.1893179,-0.1431525,0.04859396,0.1778078,-0.1454828,0.7577028,-0.1163284,0.3878413,0.511794,0.04859396,0.1778078,-0.1454828,0.05763353,0.1748154,-0.1526903,-0.8936224,-0.0566066,-0.4129888,-0.1663581,0.09800076,0.1908872,-0.1820286,0.06482087,0.2048965,-0.1506339,-0.1356684,-0.3912169,-0.05976702,0.9082793,0.06482087,0.2048965,-0.1506339,0.05050189,0.1873744,-0.1380268,0.3329949,-0.3817943,0.1445262,0.8499763,0.05050189,0.1873744,-0.1380268,0.05979854,0.1751463,-0.1495624,-0.866827,0.221046,-0.3500195,-0.2779139,0.05979854,0.1751463,-0.1495624,0.06992707,0.1756494,-0.1589948,-0.9130006,0.08343292,-0.3953859,0.05602527,0.1037618,0.1902252,-0.175839,0.07889698,0.2035025,-0.143503,-0.1283673,-0.3265276,-0.1082815,0.9301487,0.07889698,0.2035025,-0.143503,0.06583877,0.1867464,-0.13121,0.3660008,-0.3400203,0.07494193,0.8630257,0.06583877,0.1867464,-0.13121,0.07137301,0.178004,-0.1418919,-0.8962289,0.2364617,-0.2749998,-0.2554109,0.07137301,0.178004,-0.1418919,0.07822972,0.1785223,-0.150414,-0.9336803,0.1317834,-0.325264,0.07125662,0.1101318,0.1846697,-0.1724959,0.09203024,0.1987973,-0.1400986,-0.1313116,-0.273546,-0.2034407,0.9308822,0.09203024,0.1987973,-0.1400986,0.08191366,0.1881958,-0.1318047,0.3765858,-0.3345177,-0.03082656,0.8633254,0.08191366,0.1881958,-0.1318047,0.08411968,0.178523,-0.140349,-0.8691062,0.266344,-0.2076741,-0.3613678,0.08411968,0.178523,-0.140349,0.08899149,0.1779117,-0.1472019,-0.9389314,0.1576408,-0.3056078,0.0126899
right,0.07791542,0.1943683,-0.1580634,-0.1336718,-0.6954499,0.6479381,-0.2109361,-0.8916034,0.4006861,-0.6490508,0.4342578,0.6246224,-0.2316736,-0.3660821,-0.02292635,0.9009914,1,0.5658738,0.09271935,0.177264,-0.1873374,0.09271935,0.177264,-0.1873374,-0.4900456,-0.3536617,0.4436845,0.6617573,0.09271935,0.177264,-0.1873374,0.05484716,0.176734,-0.1806219,-0.4234246,-0.4831378,0.5131183,0.5692092,0.05484716,0.176734,-0.1806219,0.03604559,0.1768798,-0.1714459,-0.3548558,-0.3934253,0.5631397,0.6341668,0.03604559,0.1768798,-0.1714459,0.03035119,0.1765817,-0.1606424,-0.1515437,-0.1866767,0.6503301,0.7205949,0.09392461,0.1880128,-0.1862304,0.05435397,0.2016054,-0.1581635,-0.1676566,-0.4397163,0.02945982,0.8818576,0.05435397,0.2016054,-0.1581635,0.04236351,0.1893179,-0.1431525,0.2225523,-0.3483664,0.2068241,0.8867554,0.04236351,0.1893179,-0.1431525,0.04859396,0.1778078,-0.1454828,0.7577028,-0.1163284,0.3878413,0.511794,0.04859396,0.1778078,-0.1454828,0.05763353,0.1748154,-0.1526903,-0.8936224,-0.0566066,-0.4129888,-0.1663581,0.09800076,0.1908872,-0.1820286,0.06482087,0.2048965,-0.1506339,-0.1356684,-0.3912169,-0.05976702,0.9082793,0.06482087,0.2048965,-0.1506339,0.05050189,0.1873744,-0.1380268,0.3329949,-0.3817943,0.1445262,0.8499763,0.05050189,0.1873744,-0.1380268,0.05979854,0.1751463,-0.1495624,-0.866827,0.221046,-0.3500195,-0.2779139,0.05979854,0.1751463,-0.1495624,0.06992707,0.1756494,-0.1589948,-0.9130006,0.08343292,-0.3953859,0.05602527,0.1037618,0.1902252,-0.175839,0.07889698,0.2035025,-0.143503,-0.1283673,-0.3265276,-0.1082815,0.9301487,0.07889698,0.2035025,-0.143503,0.06583877,0.1867464,-0.13121,0.3660008,-0.3400203,0.07494193,0.8630257,0.06583877,0.1867464,-0.13121,0.07137301,0.178004,-0.1418919,-0.8962289,0.2364617,-0.2749998,-0.2554109,0.07137301,0.178004,-0.1418919,0.07822972,0.1785223,-0.150414,-0.9336803,0.1317834,-0.325264,0.07125662,0.1101318,0.1846697,-0.1724959,0.09203024,0.1987973,-0.1400986,-0.1313116,-0.273546,-0.2034407,0.9308822,0.09203024,0.1987973,-0.1400986,0.08191366,0.1881958,-0.1318047,0.3765858,-0.3345177,-0.03082656,0.8633254,0.08191366,0.1881958,-0.1318047,0.08411968,0.178523,-0.140349,-0.8691062,0.266344,-0.2076741,-0.3613678,0.08411968,0.178523,-0.140349,0.08899149,0.1779117,-0.1472019,-0.9389314,0.1576408,-0.3056078,0.0126899
right,0.07681131,0.1879697,-0.1517221,-0.1286692,-0.7456698,0.7389898,-0.2113944,-0.892145,0.3992364,-0.654916,0.4324999,0.6197006,-0.2311314,-0.3697675,-0.02248948,0.8996358,1,0.5891891,0.09180248,0.1708918,-0.1808899,0.09180248,0.1708918,-0.1808899,-0.4912417,-0.3567882,0.4428151,0.6597716,0.09180248,0.1708918,-0.1808899,0.05398709,0.1703437,-0.1741769,-0.42311,-0.4833144,0.5131317,0.569281,0.05398709,0.1703437,-0.1741769,0.03540999,0.1704865,-0.1649369,-0.3526319,-0.391134,0.5643585,0.6357392,0.03540999,0.1704865,-0.1649369,0.0299618,0.1701654,-0.1541355,-0.1449729,-0.1808708,0.6519958,0.7219211,0.09302755,0.1816388,-0.1797988,0.05321446,0.1951216,-0.1520326,-0.1672047,-0.4432356,0.03011301,0.8801579,0.05321446,0.1951216,-0.1520326,0.04111912,0.1826388,-0.1368918,0.2233258,-0.3488694,0.2090464,0.8858416,0.04111912,0.1826388,-0.1368918,0.0473984,0.1711803,-0.1391321,0.7560579,-0.1134496,0.3902298,0.513056,0.0473984,0.1711803,-0.1391321,0.05658153,0.1683651,-0.1462749,-0.8910677,-0.06608421,-0.4184025,-0.1630045,0.09709797,0.184527,-0.1755497,0.06364879,0.198445,-0.1444085,-0.1349545,-0.394796,-0.05895988,0.9068887,0.06364879,0.198445,-0.1444085,0.04895842,0.1810565,-0.1316813,0.3264051,-0.386591,0.1443356,0.8503966,0.04895842,0.1810565,-0.1316813,0.05808024,0.1688671,-0.1429625,-0.8635448,0.2279649,-0.352493,-0.2794119,0.05808024,0.1688671,-0.1429625,0.06831516,0.1693284,-0.152398,-0.9115037,0.0887734,-0.3975479,0.0568847,0.1028218,0.1839152,-0.1693118,0.07768156,0.1971249,-0.1371673,-0.1275657,-0.3301818,-0.1074204,0.9290683,0.07768156,0.1971249,-0.1371673,0.06448027,0.1805786,-0.1246774,0.3596126,-0.3414488,0.07465317,0.8651695,0.06448027,0.1805786,-0.1246774,0.06987339,0.1718914,-0.1351521,-0.8944035,0.2404839,-0.2752687,-0.2577537,0.06987339,0.1718914,-0.1351521,0.07677878,0.1723779,-0.143767,-0.9334549,0.1357226,-0.3244011,0.07074735,0.1091513,0.1783487,-0.1658676,0.09077065,0.1924277,-0.1336115,-0.1302302,-0.2772141,-0.2025924,0.9301337,0.09077065,0.1924277,-0.1336115,0.08063591,0.182044,-0.1251072,0.3684693,-0.3337699,-0.03230388,0.8670551,0.08063591,0.182044,-0.1251072,0.08275489,0.1723814,-0.1335213,-0.8674215,0.2674576,-0.2066455,-0.3651631,0.08275489,0.1723814,-0.1335213,0.0877861,0.1716539,-0.1405072,-0.9378398,0.1573001,-0.3092966,0.006983706
right,0.07560828,0.182309,-0.1455022,-0.1389824,-0.6539648,0.7185601,-0.2033895,-0.8891913,0.4098434,-0.6712127,0.4313781,0.6028154,-0.2349516,-0.3786688,-0.01421733,0.8951009,1,0.6055046,0.09135029,0.1650318,-0.1740829,0.09135029,0.1650318,-0.1740829,-0.496861,-0.3623206,0.4470295,0.6496288,0.09135029,0.1650318,-0.1740829,0.05352587,0.1643594,-0.1674254,-0.426491,-0.481088,0.5182069,0.5640225,0.05352587,0.1643594,-0.1674254,0.03502691,0.164496,-0.1581623,-0.3550585,-0.3873847,0.570221,0.6314384,0.03502691,0.164496,-0.1581623,0.02954923,0.1642894,-0.147436,-0.1512353,-0.1785999,0.6558022,0.7177419,0.09236619,0.1758323,-0.1731829,0.0519102,0.1891008,-0.1462351,-0.1706976,-0.4510626,0.03928515,0.8751352,0.0519102,0.1891008,-0.1462351,0.03989219,0.176506,-0.1307341,0.2191825,-0.3456278,0.2201355,0.8854608,0.03989219,0.176506,-0.1307341,0.04632162,0.1652441,-0.1328353,0.7542667,-0.1051407,0.3959495,0.5130801,0.04632162,0.1652441,-0.1328353,0.05578317,0.162655,-0.1398349,-0.885161,-0.08314478,-0.4283252,-0.1615999,0.09631955,0.1788531,-0.1689646,0.06216806,0.192711,-0.1385516,-0.1383594,-0.4032652,-0.04969336,0.9031968,0.06216806,0.192711,-0.1385516,0.0472407,0.1756635,-0.125384,0.3118493,-0.3892711,0.1519198,0.8533103,0.0472407,0.1756635,-0.125384,0.05643091,0.1636079,-0.1361012,-0.8597184,0.2225424,-0.3614455,-0.284106,0.05643091,0.1636079,-0.1361012,0.06683278,0.1639605,-0.1455192,-0.9103927,0.08166035,-0.4025253,0.04990033,0.1019388,0.1783551,-0.1626673,0.07609171,0.1916539,-0.1311132,-0.1312865,-0.3391437,-0.09841588,0.9263151,0.07609171,0.1916539,-0.1311132,0.06248198,0.1758472,-0.118282,0.3384298,-0.3514077,0.08137292,0.8691124,0.06248198,0.1758472,-0.118282,0.06774486,0.1671473,-0.1283098,-0.8864279,0.255614,-0.2833951,-0.261905,0.06774486,0.1671473,-0.1283098,0.0747387,0.1673554,-0.1368886,-0.9299457,0.150555,-0.3294089,0.06343496,0.1082883,0.1729588,-0.1590558,0.0891851,0.1872373,-0.1273006,-0.1336504,-0.2869473,-0.1940014,0.9285269,0.0891851,0.1872373,-0.1273006,0.07879894,0.1774578,-0.118604,0.3458682,-0.3465761,-0.02532833,0.8715611,0.07879894,0.1774578,-0.118604,0.08090433,0.1677419,-0.1266239,-0.8571463,0.2814963,-0.2183248,-0.372014,0.08090433,0.1677419,-0.1266239,0.08620457,0.1666473,-0.1335538,-0.9307487,0.1666516,-0.3253611,-0.008617638
right,0.07560828,0.182309,-0.1455022,-0.1389824,-0.6539648,0.7185601,-0.2033895,-0.8891913,0.4098434,-0.6712127,0.4313781,0.6028154,-0.2349516,-0.3786688,-0.01421733,0.8951009,1,0.6055046,0.09135029,0.1650318,-0.1740829,0.09135029,0.1650318,-0.1740829,-0.496861,-0.3623206,0.4470295,0.6496288,0.09135029,0.1650318,-0.1740829,0.05352587,0.1643594,-0.1674254,-0.426491,-0.481088,0.5182069,0.5640225,0.05352587,0.1643594,-0.1674254,0.03502691,0.164496,-0.1581623,-0.3550585,-0.3873847,0.570221,0.6314384,0.03502691,0.164496,-0.1581623,0.02954923,0.1642894,-0.147436,-0.1512353,-0.1785999,0.6558022,0.7177419,0.09236619,0.1758323,-0.1731829,0.0519102,0.1891008,-0.1462351,-0.1706976,-0.4510626,0.03928515,0.8751352,0.0519102,0.1891008,-0.1462351,0.03989219,0.176506,-0.1307341,0.2191825,-0.3456278,0.2201355,0.8854608,0.03989219,0.176506,-0.1307341,0.04632162,0.1652441,-0.1328353,0.7542667,-0.1051407,0.3959495,0.5130801,0.04632162,0.1652441,-0.1328353,0.05578317,0.162655,-0.1398349,-0.885161,-0.08314478,-0.4283252,-0.1615999,0.09631955,0.1788531,-0.1689646,0.06216806,0.192711,-0.1385516,-0.1383594,-0.4032652,-0.04969336,0.9031968,0.06216806,0.192711,-0.1385516,0.0472407,0.1756635,-0.125384,0.3118493,-0.3892711,0.1519198,0.8533103,0.0472407,0.1756635,-0.125384,0.05643091,0.1636079,-0.1361012,-0.8597184,0.2225424,-0.3614455,-0.284106,0.05643091,0.1636079,-0.1361012,0.06683278,0.1639605,-0.1455192,-0.9103927,0.08166035,-0.4025253,0.04990033,0.1019388,0.1783551,-0.1626673,0.07609171,0.1916539,-0.1311132,-0.1312865,-0.3391437,-0.09841588,0.9263151,0.07609171,0.1916539,-0.1311132,0.06248198,0.1758472,-0.118282,0.3384298,-0.3514077,0.08137292,0.8691124,0.06248198,0.1758472,-0.118282,0.06774486,0.1671473,-0.1283098,-0.8864279,0.255614,-0.2833951,-0.261905,0.06774486,0.1671473,-0.1283098,0.0747387,0.1673554,-0.1368886,-0.9299457,0.150555,-0.3294089,0.06343496,0.1082883,0.1729588,-0.1590558,0.0891851,0.1872373,-0.1273006,-0.1336504,-0.2869473,-0.1940014,0.9285269,0.0891851,0.1872373,-0.1273006,0.07879894,0.1774578,-0.118604,0.3458682,-0.3465761,-0.02532833,0.8715611,0.07879894,0.1774578,-0.118604,0.08090433,0.1677419,-0.1266239,-0.8571463,0.2814963,-0.2183248,-0.372014,0.08090433,0.1677419,-0.1266239,0.08620457,0.1666473,-0.1335538,-0.9307487,0.1666516,-0.3253611,-0.008617638
right,0.07392155,0.1769319,-0.1387457,-0.1929905,-0.6152276,0.7730622,-0.1817503,-0.8863741,0.4258026,-0.6980277,0.4212878,0.5790285,-0.2383373,-0.3920218,0.002879182,0.8885415,1,0.6129415,0.09089615,0.1596779,-0.1664722,0.09089615,0.1596779,-0.1664722,-0.5024827,-0.3724193,0.456916,0.6324894,0.09089615,0.1596779,-0.1664722,0.05270824,0.1586259,-0.1601789,-0.4331519,-0.4807369,0.5257481,0.5521417,0.05270824,0.1586259,-0.1601789,0.03431386,0.158791,-0.1507589,-0.3583843,-0.3790224,0.5805818,0.6251619,0.03431386,0.158791,-0.1507589,0.02925006,0.1588931,-0.1399319,-0.1506581,-0.1562258,0.6633201,0.7161719,0.09144036,0.1704519,-0.1658604,0.04999346,0.1829166,-0.1400486,-0.1731953,-0.4624919,0.05750668,0.8676391,0.04999346,0.1829166,-0.1400486,0.0384272,0.1702309,-0.1241141,0.2144844,-0.3374051,0.2403086,0.8845372,0.0384272,0.1702309,-0.1241141,0.04561893,0.1594258,-0.1259738,0.7526295,-0.06680553,0.4097382,0.5110778,0.04561893,0.1594258,-0.1259738,0.05541357,0.1572764,-0.1328406,-0.8751959,-0.1285945,-0.436154,-0.1651217,0.09520438,0.1737142,-0.1617082,0.05996446,0.1870611,-0.1323176,-0.1410738,-0.415446,-0.03117124,0.8980708,0.05996446,0.1870611,-0.1323176,0.04530008,0.1702608,-0.1185374,0.298141,-0.3850645,0.168663,0.8569656,0.04530008,0.1702608,-0.1185374,0.05479544,0.1584059,-0.1286412,-0.8578004,0.2027549,-0.3721397,-0.2908283,0.05479544,0.1584059,-0.1286412,0.06534431,0.1588341,-0.1379118,-0.9091887,0.05733125,-0.4102096,0.04262687,0.1007091,0.173452,-0.1553516,0.0737627,0.1865508,-0.1246385,-0.1348514,-0.3520078,-0.08013353,0.922759,0.0737627,0.1865508,-0.1246385,0.06014034,0.1711002,-0.1114682,0.3219991,-0.3563302,0.09922639,0.8714927,0.06014034,0.1711002,-0.1114682,0.06555272,0.1625832,-0.1211926,-0.8829364,0.2595656,-0.2944347,-0.2575991,0.06555272,0.1625832,-0.1211926,0.0725496,0.1627294,-0.1296423,-0.9279777,0.1546921,-0.3331576,0.06271926,0.1071917,0.1683516,-0.1514987,0.08694701,0.1826655,-0.1204696,-0.137139,-0.3009624,-0.1762671,0.9271162,0.08694701,0.1826655,-0.1204696,0.07673831,0.1729948,-0.1115375,0.3339271,-0.3469953,-0.006893084,0.8763786,0.07673831,0.1729948,-0.1115375,0.07916757,0.1633162,-0.1191916,-0.854919,0.270962,-0.2322925,-0.3764748,0.07916757,0.1633162,-0.1191916,0.08457236,0.1621582,-0.1260454,-0.9305015,0.1528673,-0.3324771,-0.01604816
right,0.07392155,0.1769319,-0.1387457,-0.1929905,-0.6152276,0.7730622,-0.1817503,-0.8863741,0.4258026,-0.6980277,0.4212878,0.5790285,-0.2383373,-0.3920218,0.002879182,0.8885415,1,0.6129415,0.09089615,0.1596779,-0.1664722,0.09089615,0.1596779,-0.1664722,-0.5024827,-0.3724193,0.456916,0.6324894,0.09089615,0.1596779,-0.1664722,0.05270824,0.1586259,-0.1601789,-0.4331519,-0.4807369,0.5257481,0.5521417,0.05270824,0.1586259,-0.1601789,0.03431386,0.158791,-0.1507589,-0.3583843,-0.3790224,0.5805818,0.6251619,0.03431386,0.158791,-0.1507589,0.02925006,0.1588931,-0.1399319,-0.1506581,-0.1562258,0.6633201,0.7161719,0.09144036,0.1704519,-0.1658604,0.04999346,0.1829166,-0.1400486,-0.1731953,-0.4624919,0.05750668,0.8676391,0.04999346,0.1829166,-0.1400486,0.0384272,0.1702309,-0.1241141,0.2144844,-0.3374051,0.2403086,0.8845372,0.0384272,0.1702309,-0.1241141,0.04561893,0.1594258,-0.1259738,0.7526295,-0.06680553,0.4097382,0.5110778,0.04561893,0.1594258,-0.1259738,0.05541357,0.1572764,-0.1328406,-0.8751959,-0.1285945,-0.436154,-0.1651217,0.09520438,0.1737142,-0.1617082,0.05996446,0.1870611,-0.1323176,-0.1410738,-0.415446,-0.03117124,0.8980708,0.05996446,0.1870611,-0.1323176,0.04530008,0.1702608,-0.1185374,0.298141,-0.3850645,0.168663,0.8569656,0.04530008,0.1702608,-0.1185374,0.05479544,0.1584059,-0.1286412,-0.8578004,0.2027549,-0.3721397,-0.2908283,0.05479544,0.1584059,-0.1286412,0.06534431,0.1588341,-0.1379118,-0.9091887,0.05733125,-0.4102096,0.04262687,0.1007091,0.173452,-0.1553516,0.0737627,0.1865508,-0.1246385,-0.1348514,-0.3520078,-0.08013353,0.922759,0.0737627,0.1865508,-0.1246385,0.06014034,0.1711002,-0.1114682,0.3219991,-0.3563302,0.09922639,0.8714927,0.06014034,0.1711002,-0.1114682,0.06555272,0.1625832,-0.1211926,-0.8829364,0.2595656,-0.2944347,-0.2575991,0.06555272,0.1625832,-0.1211926,0.0725496,0.1627294,-0.1296423,-0.9279777,0.1546921,-0.3331576,0.06271926,0.1071917,0.1683516,-0.1514987,0.08694701,0.1826655,-0.1204696,-0.137139,-0.3009624,-0.1762671,0.9271162,0.08694701,0.1826655,-0.1204696,0.07673831,0.1729948,-0.1115375,0.3339271,-0.3469953,-0.006893084,0.8763786,0.07673831,0.1729948,-0.1115375,0.07916757,0.1633162,-0.1191916,-0.854919,0.270962,-0.2322925,-0.3764748,0.07916757,0.1633162,-0.1191916,0.08457236,0.1621582,-0.1260454,-0.9305015,0.1528673,-0.3324771,-0.01604816
right,0.07282826,0.1718225,-0.1314548,-0.1267132,-0.5921838,0.8450294,-0.1690129,-0.8871803,0.429355,-0.7098907,0.4117707,0.5714019,-0.23725,-0.3975067,0.0110591,0.8863287,1,0.6125877,0.09028853,0.1547268,-0.158923,0.09028853,0.1547268,-0.158923,-0.5025735,-0.378065,0.4617113,0.6255472,0.09028853,0.1547268,-0.158923,0.05188392,0.1535609,-0.1526594,-0.434733,-0.4801656,0.5282454,0.5490038,0.05188392,0.1535609,-0.1526594,0.03349768,0.1537052,-0.1430815,-0.3576823,-0.3755898,0.5847473,0.6237517,0.03349768,0.1537052,-0.1430815,0.02854681,0.153843,-0.1321844,-0.1486693,-0.1506898,0.6667728,0.7145656,0.09055056,0.16555,-0.1583668,0.04870718,0.1774005,-0.1329477,-0.1716259,-0.4671568,0.06593619,0.8648477,0.04870718,0.1774005,-0.1329477,0.03753439,0.1646136,-0.116899,0.2159073,-0.3315724,0.2498025,0.8837661,0.03753439,0.1646136,-0.116899,0.04501253,0.154095,-0.1186748,0.7521962,-0.04856094,0.4144858,0.5099454,0.04501253,0.154095,-0.1186748,0.05482684,0.1522371,-0.1255391,-0.8722149,-0.1497521,-0.4362563,-0.162776,0.09428217,0.1688469,-0.1542449,0.05859894,0.1817106,-0.1252068,-0.1396777,-0.4201833,-0.02247082,0.8963432,0.05859894,0.1817106,-0.1252068,0.04411905,0.1651556,-0.1109977,0.2905231,-0.3798289,0.173797,0.8608838,0.04411905,0.1651556,-0.1109977,0.05373164,0.1534615,-0.1206329,-0.8571669,0.1836915,-0.3766481,-0.2994302,0.05373164,0.1534615,-0.1206329,0.06426068,0.1538571,-0.129896,-0.9103507,0.03734582,-0.4108779,0.0323455,0.09980521,0.1687715,-0.1479016,0.07240498,0.1815438,-0.1174779,-0.1339095,-0.3569206,-0.07135921,0.9217287,0.07240498,0.1815438,-0.1174779,0.0590485,0.1662508,-0.103875,0.3152304,-0.3497674,0.1050675,0.87593,0.0590485,0.1662508,-0.103875,0.06449061,0.1578812,-0.1131461,-0.8843955,0.2410115,-0.2983205,-0.2660128,0.06449061,0.1578812,-0.1131461,0.07143106,0.1579635,-0.1216019,-0.9316482,0.1360346,-0.3328009,0.0526287,0.1063859,0.1636838,-0.1439411,0.0856592,0.1777931,-0.1131579,-0.1363046,-0.3061795,-0.1675978,0.9271387,0.0856592,0.1777931,-0.1131579,0.07562456,0.1681357,-0.1040513,0.3297918,-0.3429328,0.0003296807,0.8795649,0.07562456,0.1681357,-0.1040513,0.07830586,0.1585765,-0.1115477,-0.8576074,0.2565146,-0.2383332,-0.3767055,0.07830586,0.1585765,-0.1115477,0.08392873,0.1574925,-0.1184071,-0.9306144,0.1333662,-0.3404434,-0.01639122
right,0.07116021,0.1674712,-0.1241581,-0.1920382,-0.5009491,0.8400502,-0.1505357,-0.8766693,0.4569353,-0.7275954,0.4111585,0.5491389,-0.2467174,-0.4056613,0.02821123,0.879644,1,0.613117,0.08936427,0.1500714,-0.1506613,0.08936427,0.1500714,-0.1506613,-0.5105484,-0.3807203,0.4733495,0.6085497,0.08936427,0.1500714,-0.1506613,0.05063379,0.1488163,-0.1445636,-0.4444825,-0.47404,0.5375801,0.5373352,0.05063379,0.1488163,-0.1445636,0.03242783,0.1491764,-0.1347626,-0.3635058,-0.3617872,0.5963711,0.6175071,0.03242783,0.1491764,-0.1347626,0.02790315,0.1495623,-0.1238195,-0.1463064,-0.1295353,0.6763831,0.7101555,0.08915342,0.1608391,-0.1505445,0.04681825,0.172358,-0.1260843,-0.180139,-0.4733678,0.08433791,0.8581142,0.04681825,0.172358,-0.1260843,0.0363436,0.1598086,-0.1096973,0.2092241,-0.3197407,0.2694164,0.8839717,0.0363436,0.1598086,-0.1096973,0.04439828,0.1496643,-0.1113283,0.7497996,-0.01629372,0.422476,0.5089685,0.04439828,0.1496643,-0.1113283,0.05431569,0.1480292,-0.1181202,-0.8641615,-0.1821199,-0.437169,-0.1701194,0.09280616,0.1643459,-0.146568,0.05653996,0.1771605,-0.1184651,-0.1488331,-0.4276396,-0.004219234,0.8916026,0.05653996,0.1771605,-0.1184651,0.04257289,0.1608521,-0.1034787,0.2781825,-0.3693875,0.1909884,0.8658469,0.04257289,0.1608521,-0.1034787,0.05281802,0.1494324,-0.1126762,-0.85765,0.1467193,-0.3862735,-0.3061089,0.05281802,0.1494324,-0.1126762,0.0634219,0.1497818,-0.1219067,-0.9100457,0.001392827,-0.4142594,0.0142857,0.09834448,0.1645024,-0.1402382,0.07032,0.1774957,-0.1106572,-0.1440517,-0.365282,-0.05377682,0.9181101,0.07032,0.1774957,-0.1106572,0.05748763,0.1629592,-0.09631594,0.2948459,-0.3402115,0.118851,0.8849839,0.05748763,0.1629592,-0.09631594,0.06306299,0.1547378,-0.1050828,-0.8853587,0.2167762,-0.3051624,-0.2757246,0.06306299,0.1547378,-0.1050828,0.06982011,0.1546943,-0.113394,-0.9355788,0.112464,-0.332588,0.03780773,0.1051177,0.1598634,-0.135992,0.0837052,0.1743809,-0.1060218,-0.1466492,-0.3162253,-0.1507806,0.9250734,0.0837052,0.1743809,-0.1060218,0.07393657,0.1650602,-0.09671044,0.3142422,-0.3426245,0.01745585,0.8851868,0.07393657,0.1650602,-0.09671044,0.07706369,0.1555332,-0.1038754,-0.8565161,0.2389006,-0.254218,-0.380368,0.07706369,0.1555332,-0.1038754,0.08289018,0.1542829,-0.1105676,-0.9279265,0.1112011,-0.3542816,-0.03273055
right,0.07116021,0.1674712,-0.1241581,-0.1920382,-0.5009491,0.8400502,-0.1505357,-0.8766693,0.4569353,-0.7275954,0.4111585,0.5491389,-0.2467174,-0.4056613,0.02821123,0.879644,1,0.613117,0.08936427,0.1500714,-0.1506613,0.08936427,0.1500714,-0.1506613,-0.5105484,-0.3807203,0.4733495,0.6085497,0.08936427,0.1500714,-0.1506613,0.05063379,0.1488163,-0.1445636,-0.4444825,-0.47404,0.5375801,0.5373352,0.05063379,0.1488163,-0.1445636,0.03242783,0.1491764,-0.1347626,-0.3635058,-0.3617872,0.5963711,0.6175071,0.03242783,0.1491764,-0.1347626,0.02790315,0.1495623,-0.1238195,-0.1463064,-0.1295353,0.6763831,0.7101555,0.08915342,0.1608391,-0.1505445,0.04681825,0.172358,-0.1260843,-0.180139,-0.4733678,0.08433791,0.8581142,0.04681825,0.172358,-0.1260843,0.0363436,0.1598086,-0.1096973,0.2092241,-0.3197407,0.2694164,0.8839717,0.0363436,0.1598086,-0.1096973,0.04439828,0.1496643,-0.1113283,0.7497996,-0.01629372,0.422476,0.5089685,0.04439828,0.1496643,-0.1113283,0.05431569,0.1480292,-0.1181202,-0.8641615,-0.1821199,-0.437169,-0.1701194,0.09280616,0.1643459,-0.146568,0.05653996,0.1771605,-0.1184651,-0.1488331,-0.4276396,-0.004219234,0.8916026,0.05653996,0.1771605,-0.1184651,0.04257289,0.1608521,-0.1034787,0.2781825,-0.3693875,0.1909884,0.8658469,0.04257289,0.1608521,-0.1034787,0.05281802,0.1494324,-0.1126762,-0.85765,0.1467193,-0.3862735,-0.3061089,0.05281802,0.1494324,-0.1126762,0.0634219,0.1497818,-0.1219067,-0.9100457,0.001392827,-0.4142594,0.0142857,0.09834448,0.1645024,-0.1402382,0.07032,0.1774957,-0.1106572,-0.1440517,-0.365282,-0.05377682,0.9181101,0.07032,0.1774957,-0.1106572,0.05748763,0.1629592,-0.09631594,0.2948459,-0.3402115,0.118851,0.8849839,0.05748763,0.1629592,-0.09631594,0.06306299,0.1547378,-0.1050828,-0.8853587,0.2167762,-0.3051624,-0.2757246,0.06306299,0.1547378,-0.1050828,0.06982011,0.1546943,-0.113394,-0.9355788,0.112464,-0.332588,0.03780773,0.1051177,0.1598634,-0.135992,0.0837052,0.1743809,-0.1060218,-0.1466492,-0.3162253,-0.1507806,0.9250734,0.0837052,0.1743809,-0.1060218,0.07393657,0.1650602,-0.09671044,0.3142422,-0.3426245,0.01745585,0.8851868,0.07393657,0.1650602,-0.09671044,0.07706369,0.1555332,-0.1038754,-0.8565161,0.2389006,-0.254218,-0.380368,0.07706369,0.1555332,-0.1038754,0.08289018,0.1542829,-0.1105676,-0.9279265,0.1112011,-0.3542816,-0.03273055
right,0.06973445,0.1632518,-0.1167861,-0.1646955,-0.487403,0.8515626,-0.1257243,-0.8690612,0.4784622,-0.7351822,0.405444,0.5432516,-0.2518907,-0.40611,0.04494979,0.8772715,1,0.6279226,0.08831409,0.1457506,-0.142981,0.08831409,0.1457506,-0.142981,-0.5116009,-0.3799596,0.4869435,0.5973118,0.08831409,0.1457506,-0.142981,0.04991471,0.1444118,-0.1362025,-0.4450439,-0.4637547,0.5493677,0.5339126,0.04991471,0.1444118,-0.1362025,0.03205261,0.1447827,-0.1261724,-0.3631531,-0.3512127,0.6077564,0.6127002,0.03205261,0.1447827,-0.1261724,0.02774501,0.1454126,-0.1154304,-0.1515051,-0.1168524,0.6823057,0.7055854,0.08780885,0.1564602,-0.1431137,0.04526846,0.1674869,-0.1186732,-0.184052,-0.4723414,0.1014238,0.8559975,0.04526846,0.1674869,-0.1186732,0.03584097,0.1554651,-0.1022566,0.2055101,-0.3028896,0.2835473,0.8863545,0.03584097,0.1554651,-0.1022566,0.04421043,0.1456273,-0.1036347,0.7435243,0.01466492,0.4230787,0.5176495,0.04421043,0.1456273,-0.1036347,0.05388103,0.1442553,-0.1102104,-0.85547,-0.2177257,-0.4345484,-0.1787015,0.09137747,0.1601534,-0.1392146,0.05489517,0.1727186,-0.1111933,-0.1539681,-0.4271866,0.01268223,0.8908674,0.05489517,0.1727186,-0.1111933,0.04175793,0.1566975,-0.09561452,0.2717309,-0.3545022,0.2039696,0.8711411,0.04175793,0.1566975,-0.09561452,0.05235798,0.1455029,-0.1043994,-0.8575743,0.1100412,-0.3890917,-0.317907,0.05235798,0.1455029,-0.1043994,0.06266069,0.145821,-0.113386,-0.9095786,-0.03528124,-0.4140186,-0.00326923,0.09690387,0.1605797,-0.132973,0.06867193,0.1735698,-0.1035226,-0.1504317,-0.3652982,-0.03728369,0.9178984,0.06867193,0.1735698,-0.1035226,0.05673821,0.1592233,-0.08868101,0.2896395,-0.3238493,0.1321548,0.8909353,0.05673821,0.1592233,-0.08868101,0.06253374,0.1511572,-0.09711146,-0.8896564,0.1790783,-0.3075977,-0.2860525,0.06253374,0.1511572,-0.09711146,0.06892628,0.1510166,-0.1051989,-0.9414053,0.07732695,-0.3277036,0.01966994,0.1038111,0.1562308,-0.1287021,0.0821586,0.1709241,-0.09893514,-0.1539946,-0.3174199,-0.1347608,0.9259427,0.0821586,0.1709241,-0.09893514,0.07288633,0.1618818,-0.08942174,0.3042716,-0.3337952,0.03004589,0.891682,0.07288633,0.1618818,-0.08942174,0.07646769,0.152596,-0.09632152,-0.8610543,0.2084642,-0.2640441,-0.3813252,0.07646769,0.152596,-0.09632152,0.08228851,0.1512703,-0.1027501,-0.9273843,0.07963528,-0.3620481,-0.05037753
right,0.06973445,0.1632518,-0.1167861,-0.1646955,-0.487403,0.8515626,-0.1257243,-0.8690612,0.4784622,-0.7351822,0.405444,0.5432516,-0.2518907,-0.40611,0.04494979,0.8772715,1,0.6279226,0.08831409,0.1457506,-0.142981,0.08831409,0.1457506,-0.142981,-0.5116009,-0.3799596,0.4869435,0.5973118,0.08831409,0.1457506,-0.142981,0.04991471,0.1444118,-0.1362025,-0.4450439,-0.4637547,0.5493677,0.5339126,0.04991471,0.1444118,-0.1362025,0.03205261,0.1447827,-0.1261724,-0.3631531,-0.3512127,0.6077564,0.6127002,0.03205261,0.1447827,-0.1261724,0.02774501,0.1454126,-0.1154304,-0.1515051,-0.1168524,0.6823057,0.7055854,0.08780885,0.1564602,-0.1431137,0.04526846,0.1674869,-0.1186732,-0.184052,-0.4723414,0.1014238,0.8559975,0.04526846,0.1674869,-0.1186732,0.03584097,0.1554651,-0.1022566,0.2055101,-0.3028896,0.2835473,0.8863545,0.03584097,0.1554651,-0.1022566,0.04421043,0.1456273,-0.1036347,0.7435243,0.01466492,0.4230787,0.5176495,0.04421043,0.1456273,-0.1036347,0.05388103,0.1442553,-0.1102104,-0.85547,-0.2177257,-0.4345484,-0.1787015,0.09137747,0.1601534,-0.1392146,0.05489517,0.1727186,-0.1111933,-0.1539681,-0.4271866,0.01268223,0.8908674,0.05489517,0.1727186,-0.1111933,0.04175793,0.1566975,-0.09561452,0.2717309,-0.3545022,0.2039696,0.8711411,0.04175793,0.1566975,-0.09561452,0.05235798,0.1455029,-0.1043994,-0.8575743,0.1100412,-0.3890917,-0.317907,0.05235798,0.1455029,-0.1043994,0.06266069,0.145821,-0.113386,-0.9095786,-0.03528124,-0.4140186,-0.00326923,0.09690387,0.1605797,-0.132973,0.06867193,0.1735698,-0.1035226,-0.1504317,-0.3652982,-0.03728369,0.9178984,0.06867193,0.1735698,-0.1035226,0.05673821,0.1592233,-0.08868101,0.2896395,-0.3238493,0.1321548,0.8909353,0.05673821,0.1592233,-0.08868101,0.06253374,0.1511572,-0.09711146,-0.8896564,0.1790783,-0.3075977,-0.2860525,0.06253374,0.1511572,-0.09711146,0.06892628,0.1510166,-0.1051989,-0.9414053,0.07732695,-0.3277036,0.01966994,0.1038111,0.1562308,-0.1287021,0.0821586,0.1709241,-0.09893514,-0.1539946,-0.3174199,-0.1347608,0.9259427,0.0821586,0.1709241,-0.09893514,0.07288633,0.1618818,-0.08942174,0.3042716,-0.3337952,0.03004589,0.891682,0.07288633,0.1618818,-0.08942174,0.07646769,0.152596,-0.09632152,-0.8610543,0.2084642,-0.2640441,-0.3813252,0.07646769,0.152596,-0.09632152,0.08228851,0.1512703,-0.1027501,-0.9273843,0.07963528,-0.3620481,-0.05037753
right,0.06797526,0.1594609,-0.1091925,-0.2015564,-0.4343439,0.8700226,-0.08821218,-0.8480164,0.5225772,-0.7397287,0.4071139,0.5357795,-0.2661308,-0.4016026,0.07187658,0.8733405,1,0.6318691,0.08675469,0.141313,-0.1348614,0.08675469,0.141313,-0.1348614,-0.5155074,-0.3713465,0.5104952,0.5794381,0.08675469,0.141313,-0.1348614,0.0485474,0.1401933,-0.1273091,-0.4532692,-0.4445565,0.5671986,0.5245972,0.0485474,0.1401933,-0.1273091,0.03098344,0.1409181,-0.1169269,-0.370161,-0.3297151,0.6241509,0.6039076,0.03098344,0.1409181,-0.1169269,0.02699948,0.1422976,-0.1063152,-0.1680862,-0.08412785,0.6861299,0.7027768,0.08603571,0.1519799,-0.1354224,0.04341568,0.1628117,-0.110722,-0.1962029,-0.4654474,0.1290182,0.8533565,0.04341568,0.1628117,-0.110722,0.03502391,0.1516143,-0.093978,0.1921034,-0.2818393,0.3040621,0.8894994,0.03502391,0.1516143,-0.093978,0.0437154,0.142325,-0.09498372,0.732344,0.05548047,0.4249204,0.529185,0.0437154,0.142325,-0.09498372,0.05315861,0.1409788,-0.1014149,-0.8448508,-0.2564027,-0.4255801,-0.1984097,0.08950531,0.1559513,-0.1319166,0.05296266,0.1687039,-0.1038132,-0.1685085,-0.421695,0.03954062,0.8900645,0.05296266,0.1687039,-0.1038132,0.04106715,0.153024,-0.08721693,0.2618687,-0.3303064,0.2256206,0.8783039,0.04106715,0.153024,-0.08721693,0.05203047,0.1420678,-0.09543119,-0.8546261,0.06124298,-0.3898346,-0.3374797,0.05203047,0.1420678,-0.09543119,0.06191082,0.1422213,-0.1043301,-0.909936,-0.08131871,-0.4055978,-0.02990177,0.09497872,0.1568509,-0.1257961,0.06671403,0.1703756,-0.09642965,-0.1671088,-0.3607772,-0.01149871,0.9174869,0.06671403,0.1703756,-0.09642965,0.05592144,0.1563521,-0.08073217,0.2784228,-0.301127,0.1530606,0.8990971,0.05592144,0.1563521,-0.08073217,0.06201452,0.1484245,-0.08873045,-0.8920511,0.128751,-0.3103501,-0.302243,0.06201452,0.1484245,-0.08873045,0.06805006,0.1481093,-0.09669347,-0.9472722,0.03085596,-0.3188794,-0.006257157,0.1020091,0.153013,-0.1214425,0.08028582,0.1684787,-0.09196016,-0.1725048,-0.3153136,-0.1099415,0.9266781,0.08028582,0.1684787,-0.09196016,0.07165597,0.1596002,-0.08211549,0.2932986,-0.3206189,0.05281266,0.8991053,0.07165597,0.1596002,-0.08211549,0.07568283,0.1503356,-0.08852323,-0.8595616,0.1702177,-0.2742621,-0.3961818,0.07568283,0.1503356,-0.08852323,0.08134426,0.1488309,-0.09456294,-0.9259099,0.04002847,-0.3668428,-0.08071502
right,0.06797526,0.1594609,-0.1091925,-0.2015564,-0.4343439,0.8700226,-0.08821218,-0.8480164,0.5225772,-0.7397287,0.4071139,0.5357795,-0.2661308,-0.4016026,0.07187658,0.8733405,1,0.6318691,0.08675469,0.141313,-0.1348614,0.08675469,0.141313,-0.1348614,-0.5155074,-0.3713465,0.5104952,0.5794381,0.08675469,0.141313,-0.1348614,0.0485474,0.1401933,-0.1273091,-0.4532692,-0.4445565,0.5671986,0.5245972,0.0485474,0.1401933,-0.1273091,0.03098344,0.1409181,-0.1169269,-0.370161,-0.3297151,0.6241509,0.6039076,0.03098344,0.1409181,-0.1169269,0.02699948,0.1422976,-0.1063152,-0.1680862,-0.08412785,0.6861299,0.7027768,0.08603571,0.1519799,-0.1354224,0.04341568,0.1628117,-0.110722,-0.1962029,-0.4654474,0.1290182,0.8533565,0.04341568,0.1628117,-0.110722,0.03502391,0.1516143,-0.093978,0.1921034,-0.2818393,0.3040621,0.8894994,0.03502391,0.1516143,-0.093978,0.0437154,0.142325,-0.09498372,0.732344,0.05548047,0.4249204,0.529185,0.0437154,0.142325,-0.09498372,0.05315861,0.1409788,-0.1014149,-0.8448508,-0.2564027,-0.4255801,-0.1984097,0.08950531,0.1559513,-0.1319166,0.05296266,0.1687039,-0.1038132,-0.1685085,-0.421695,0.03954062,0.8900645,0.05296266,0.1687039,-0.1038132,0.04106715,0.153024,-0.08721693,0.2618687,-0.3303064,0.2256206,0.8783039,0.04106715,0.153024,-0.08721693,0.05203047,0.1420678,-0.09543119,-0.8546261,0.06124298,-0.3898346,-0.3374797,0.05203047,0.1420678,-0.09543119,0.06191082,0.1422213,-0.1043301,-0.909936,-0.08131871,-0.4055978,-0.02990177,0.09497872,0.1568509,-0.1257961,0.06671403,0.1703756,-0.09642965,-0.1671088,-0.3607772,-0.01149871,0.9174869,0.06671403,0.1703756,-0.09642965,0.05592144,0.1563521,-0.08073217,0.2784228,-0.301127,0.1530606,0.8990971,0.05592144,0.1563521,-0.08073217,0.06201452,0.1484245,-0.08873045,-0.8920511,0.128751,-0.3103501,-0.302243,0.06201452,0.1484245,-0.08873045,0.06805006,0.1481093,-0.09669347,-0.9472722,0.03085596,-0.3188794,-0.006257157,0.1020091,0.153013,-0.1214425,0.08028582,0.1684787,-0.09196016,-0.1725048,-0.3153136,-0.1099415,0.9266781,0.08028582,0.1684787,-0.09196016,0.07165597,0.1596002,-0.08211549,0.2932986,-0.3206189,0.05281266,0.8991053,0.07165597,0.1596002,-0.08211549,0.07568283,0.1503356,-0.08852323,-0.8595616,0.1702177,-0.2742621,-0.3961818,0.07568283,0.1503356,-0.08852323,0.08134426,0.1488309,-0.09456294,-0.9259099,0.04002847,-0.3668428,-0.08071502
right,0.06680287,0.155815,-0.1012052,-0.1357407,-0.422122,0.9247791,-0.05467919,-0.8364118,0.5453674,-0.7230366,0.4098561,0.5560901,-0.272094,-0.3846035,0.08808508,0.8776594,1,0.6608934,0.08482704,0.1372989,-0.1272869,0.08482704,0.1372989,-0.1272869,-0.5091631,-0.3569275,0.5292821,0.5772488,0.08482704,0.1372989,-0.1272869,0.04715727,0.1364106,-0.1183418,-0.4496606,-0.4269872,0.5814816,0.526656,0.04715727,0.1364106,-0.1183418,0.03004943,0.1373083,-0.1072552,-0.3635121,-0.3101691,0.6374432,0.6044173,0.03004943,0.1373083,-0.1072552,0.02669851,0.1392157,-0.0966595,-0.1668094,-0.04813653,0.6872547,0.7053641,0.08417029,0.1479897,-0.1279144,0.04223887,0.1588898,-0.1016158,-0.2003401,-0.4476799,0.1443926,0.8594168,0.04223887,0.1588898,-0.1016158,0.03514635,0.1481147,-0.08474593,0.195035,-0.2545115,0.3112304,0.8946065,0.03514635,0.1481147,-0.08474593,0.04356274,0.1391324,-0.08585936,0.7347341,0.07217566,0.4108632,0.534928,0.04356274,0.1391324,-0.08585936,0.0522625,0.1374997,-0.0925084,-0.8565716,-0.2580366,-0.3967694,-0.205612,0.08756078,0.1519996,-0.1248074,0.05184223,0.1649922,-0.09538899,-0.1752211,-0.4040526,0.05411375,0.8961645,0.05184223,0.1649922,-0.09538899,0.04134164,0.1498393,-0.07823827,0.2605658,-0.3025548,0.2302249,0.8874472,0.04134164,0.1498393,-0.07823827,0.05172089,0.1389082,-0.08613151,-0.8546611,0.0387199,-0.3731244,-0.3589336,0.05172089,0.1389082,-0.08613151,0.06072741,0.1387059,-0.09506112,-0.9178978,-0.09722725,-0.3815745,-0.04910611,0.09312493,0.1531528,-0.1191244,0.06575739,0.1670624,-0.08879797,-0.1756116,-0.3431841,0.002532976,0.9227019,0.06575739,0.1670624,-0.08879797,0.05605386,0.1532437,-0.07226279,0.2746752,-0.273357,0.156681,0.9084495,0.05605386,0.1532437,-0.07226279,0.06181334,0.1452699,-0.07992578,-0.8929881,0.09927341,-0.294792,-0.3252916,0.06181334,0.1452699,-0.07992578,0.06727586,0.1446447,-0.087942,-0.9551175,0.009099938,-0.2944745,-0.030864,0.1004147,0.1494158,-0.1148331,0.07959098,0.1653658,-0.08470586,-0.1834439,-0.2987441,-0.09624195,0.9315781,0.07959098,0.1653658,-0.08470586,0.07158476,0.1568819,-0.07453053,0.2828725,-0.3021772,0.05635242,0.9085684,0.07158476,0.1568819,-0.07453053,0.07527877,0.1476533,-0.0803296,-0.853811,0.1515164,-0.2630241,-0.4229279,0.07527877,0.1476533,-0.0803296,0.08038819,0.1457713,-0.08591197,-0.9259165,0.02467343,-0.3570366,-0.1208088
right,0.06554454,0.1529621,-0.09311944,-0.143318,-0.3249297,0.9209323,-0.01650611,-0.8216253,0.5697889,-0.702635,0.4149666,0.5780197,-0.2791567,-0.3647761,0.1061078,0.8819019,1,0.6965961,0.08243876,0.1339073,-0.1196026,0.08243876,0.1339073,-0.1196026,-0.5019267,-0.3397993,0.5500761,0.5744758,0.08243876,0.1339073,-0.1196026,0.04558739,0.1328525,-0.1093579,-0.4437183,-0.4113926,0.5990843,0.5243741,0.04558739,0.1328525,-0.1093579,0.0292911,0.133965,-0.09762542,-0.3554738,-0.2862646,0.6533782,0.6039767,0.0292911,0.133965,-0.09762542,0.02687279,0.136237,-0.0870591,-0.1514412,-0.005883452,0.6935631,0.7042735,0.08183802,0.1445533,-0.1203978,0.04104256,0.155582,-0.09249207,-0.2054053,-0.4269543,0.1614521,0.8657089,0.04104256,0.155582,-0.09249207,0.03515575,0.1453502,-0.07539735,0.1939955,-0.2256717,0.3171557,0.9004723,0.03515575,0.1453502,-0.07539735,0.04333242,0.1364135,-0.07628552,0.7272419,0.08765438,0.3961375,0.5536345,0.04333242,0.1364135,-0.07628552,0.051393,0.134587,-0.08289111,-0.8597981,-0.2700215,-0.3745676,-0.2180244,0.0852793,0.1487755,-0.1175457,0.0507971,0.1620677,-0.08687443,-0.1832252,-0.383542,0.07029378,0.9024316,0.0507971,0.1620677,-0.08687443,0.04157455,0.1471736,-0.06912383,0.2609363,-0.2757493,0.2365538,0.8943807,0.04157455,0.1471736,-0.06912383,0.05159338,0.1361176,-0.07679966,-0.853465,0.01822683,-0.3578957,-0.3783861,0.05159338,0.1361176,-0.07679966,0.05981525,0.1357706,-0.08598311,-0.9272392,-0.1122398,-0.3525389,-0.05784481,0.09099989,0.1502368,-0.1121798,0.06488025,0.1645871,-0.08101796,-0.1856287,-0.3227893,0.01810171,0.9279124,0.06488025,0.1645871,-0.08101796,0.05552682,0.1510972,-0.06394826,0.2649512,-0.2634521,0.1626857,0.9131961,0.05552682,0.1510972,-0.06394826,0.06079844,0.1429325,-0.07120156,-0.8874838,0.1069089,-0.2864437,-0.3448088,0.06079844,0.1429325,-0.07120156,0.0657666,0.1419231,-0.07915801,-0.9597321,0.02428163,-0.2755836,-0.04876829,0.09849802,0.1467333,-0.1080054,0.07886881,0.1632074,-0.07740363,-0.1962086,-0.2795728,-0.08099653,0.9363657,0.07886881,0.1632074,-0.07740363,0.07125183,0.1550295,-0.06686564,0.2709542,-0.2890696,0.06223252,0.9160511,0.07125183,0.1550295,-0.06686564,0.07451713,0.1455896,-0.07205123,-0.8416103,0.1485614,-0.2524623,-0.453745,0.07451713,0.1455896,-0.07205123,0.07900231,0.1432181,-0.07730529,-0.9266654,0.03112776,-0.3368469,-0.1638794
right,0.06554454,0.1529621,-0.09311944,-0.143318,-0.3249297,0.9209323,-0.01650611,-0.8216253,0.5697889,-0.702635,0.4149666,0.5780197,-0.2791567,-0.3647761,0.1061078,0.8819019,1,0.6965961,0.08243876,0.1339073,-0.1196026,0.08243876,0.1339073,-0.1196026,-0.5019267,-0.3397993,0.5500761,0.5744758,0.08243876,0.1339073,-0.1196026,0.04558739,0.1328525,-0.1093579,-0.4437183,-0.4113926,0.5990843,0.5243741,0.04558739,0.1328525,-0.1093579,0.0292911,0.133965,-0.09762542,-0.3554738,-0.2862646,0.6533782,0.6039767,0.0292911,0.133965,-0.09762542,0.02687279,0.136237,-0.0870591,-0.1514412,-0.005883452,0.6935631,0.7042735,0.08183802,0.1445533,-0.1203978,0.04104256,0.155582,-0.09249207,-0.2054053,-0.4269543,0.1614521,0.8657089,0.04104256,0.155582,-0.09249207,0.03515575,0.1453502,-0.07539735,0.1939955,-0.2256717,0.3171557,0.9004723,0.03515575,0.1453502,-0.07539735,0.04333242,0.1364135,-0.07628552,0.7272419,0.08765438,0.3961375,0.5536345,0.04333242,0.1364135,-0.07628552,0.051393,0.134587,-0.08289111,-0.8597981,-0.2700215,-0.3745676,-0.2180244,0.0852793,0.1487755,-0.1175457,0.0507971,0.1620677,-0.08687443,-0.1832252,-0.383542,0.07029378,0.9024316,0.0507971,0.1620677,-0.08687443,0.04157455,0.1471736,-0.06912383,0.2609363,-0.2757493,0.2365538,0.8943807,0.04157455,0.1471736,-0.06912383,0.05159338,0.1361176,-0.07679966,-0.853465,0.01822683,-0.3578957,-0.3783861,0.05159338,0.1361176,-0.07679966,0.05981525,0.1357706,-0.08598311,-0.9272392,-0.1122398,-0.3525389,-0.05784481,0.09099989,0.1502368,-0.1121798,0.06488025,0.1645871,-0.08101796,-0.1856287,-0.3227893,0.01810171,0.9279124,0.06488025,0.1645871,-0.08101796,0.05552682,0.1510972,-0.06394826,0.2649512,-0.2634521,0.1626857,0.9131961,0.05552682,0.1510972,-0.06394826,0.06079844,0.1429325,-0.07120156,-0.8874838,0.1069089,-0.2864437,-0.3448088,0.06079844,0.1429325,-0.07120156,0.0657666,0.1419231,-0.07915801,-0.9597321,0.02428163,-0.2755836,-0.04876829,0.09849802,0.1467333,-0.1080054,0.07886881,0.1632074,-0.07740363,-0.1962086,-0.2795728,-0.08099653,0.9363657,0.07886881,0.1632074,-0.07740363,0.07125183,0.1550295,-0.06686564,0.2709542,-0.2890696,0.06223252,0.9160511,0.07125183,0.1550295,-0.06686564,0.07451713,0.1455896,-0.07205123,-0.8416103,0.1485614,-0.2524623,-0.453745,0.07451713,0.1455896,-0.07205123,0.07900231,0.1432181,-0.07730529,-0.9266654,0.03112776,-0.3368469,-0.1638794
right,0.06457551,0.1510273,-0.08491779,-0.1125726,-0.2247659,0.9527939,0.01165294,-0.819904,0.5723823,-0.668766,0.4191659,0.6140456,-0.278133,-0.3400282,0.1126498,0.8912535,1,0.738794,0.0796612,0.1318103,-0.1122542,0.0796612,0.1318103,-0.1122542,-0.4882522,-0.3223567,0.563009,0.5837095,0.0796612,0.1318103,-0.1122542,0.04380974,0.1302371,-0.1001891,-0.4240845,-0.4010158,0.6138807,0.5314971,0.04380974,0.1302371,-0.1001891,0.02838844,0.1310513,-0.08762275,-0.3324431,-0.2718387,0.6680118,0.6077381,0.02838844,0.1310513,-0.08762275,0.02699897,0.1334037,-0.07706688,-0.1223576,0.03128571,0.7003596,0.7025285,0.07916694,0.1423959,-0.1129898,0.04010242,0.1536187,-0.08303294,-0.2029903,-0.4026699,0.1660913,0.8769639,0.04010242,0.1536187,-0.08303294,0.03507808,0.1434296,-0.06596465,0.203582,-0.2057267,0.3124539,0.904767,0.03507808,0.1434296,-0.06596465,0.04296624,0.1344553,-0.06718884,0.7368711,0.08934918,0.3785957,0.5529041,0.04296624,0.1344553,-0.06718884,0.05044825,0.1324606,-0.07402996,-0.8740517,-0.2590034,-0.350715,-0.2143591,0.0828679,0.1466841,-0.1102818,0.05024608,0.1601489,-0.07792059,-0.1832741,-0.3584516,0.0742346,0.9123663,0.05024608,0.1601489,-0.07792059,0.04199181,0.1451933,-0.0601902,0.2720073,-0.2567866,0.231518,0.8980379,0.04199181,0.1451933,-0.0601902,0.05170555,0.1340507,-0.06845713,-0.8624573,0.0148195,-0.3389501,-0.3755804,0.05170555,0.1340507,-0.06845713,0.05922277,0.1336032,-0.07799394,-0.9390406,-0.1030275,-0.3233481,-0.05508276,0.08891615,0.1482321,-0.1052932,0.06464984,0.1627234,-0.07289976,-0.1870262,-0.2971032,0.02199138,0.9360915,0.06464984,0.1627234,-0.07289976,0.05565674,0.1491936,-0.05574169,0.2689416,-0.2541614,0.1576473,0.9155434,0.05565674,0.1491936,-0.05574169,0.06045611,0.1410036,-0.06311459,-0.8900281,0.1206439,-0.2712211,-0.3460261,0.06045611,0.1410036,-0.06311459,0.06470163,0.1399289,-0.07114681,-0.9676437,0.05151569,-0.2423362,-0.0478015,0.09660859,0.1446854,-0.1014716,0.07878076,0.1612693,-0.06999379,-0.2002314,-0.253803,-0.07686218,0.9431774,0.07878076,0.1612693,-0.06999379,0.07133701,0.1532121,-0.05922328,0.2676191,-0.2794202,0.0563282,0.9203975,0.07133701,0.1532121,-0.05922328,0.07405989,0.1437134,-0.06413045,-0.8352062,0.1575533,-0.2365589,-0.4707944,0.07405989,0.1437134,-0.06413045,0.07788465,0.1411534,-0.06932969,-0.9334847,0.05471077,-0.3055627,-0.1795678
right,0.06393465,0.1496384,-0.07602455,-0.07452767,-0.1615246,1.034217,0.02325838,-0.828756,0.5591266,-0.6220987,0.4258078,0.6570243,-0.2724028,-0.3119048,0.1068586,0.9039322,1,0.7605395,0.07646056,0.130329,-0.1044862,0.07646056,0.130329,-0.1044862,-0.4716861,-0.3037093,0.5669227,0.6032178,0.07646056,0.130329,-0.1044862,0.04166907,0.1281688,-0.09068957,-0.3987614,-0.396211,0.6216812,0.5454528,0.04166907,0.1281688,-0.09068957,0.02742269,0.1284323,-0.07740741,-0.2998353,-0.2630008,0.6780953,0.617346,0.02742269,0.1284323,-0.07740741,0.02672598,0.1304738,-0.06675017,-0.08919317,0.04452826,0.7081488,0.69899,0.07621875,0.1408744,-0.105022,0.03954189,0.1524776,-0.07302206,-0.1966669,-0.3762544,0.1578503,0.8915369,0.03954189,0.1524776,-0.07302206,0.0352594,0.1418954,-0.05592278,0.2220649,-0.1866731,0.2960265,0.9100597,0.0352594,0.1418954,-0.05592278,0.04255372,0.1323404,-0.05756232,0.7504028,0.06682085,0.3510942,0.5560247,0.04255372,0.1323404,-0.05756232,0.0494775,0.1300473,-0.06473652,-0.8945527,-0.2244959,-0.3262829,-0.207163,0.08041242,0.1452517,-0.1022428,0.0502993,0.1588825,-0.06819656,-0.1787562,-0.3306156,0.06536776,0.9243736,0.0502993,0.1588825,-0.06819656,0.04297365,0.1430861,-0.05067103,0.2987186,-0.2367928,0.216196,0.8988636,0.04297365,0.1430861,-0.05067103,0.05176574,0.1314262,-0.05956487,-0.8711839,0.03341538,-0.309675,-0.3795042,0.05176574,0.1314262,-0.05956487,0.05835432,0.1311259,-0.06938037,-0.9535033,-0.0764453,-0.2892314,-0.03650586,0.08699729,0.1468251,-0.0974635,0.0651763,0.1612693,-0.06384285,-0.1830497,-0.2681892,0.01341814,0.9457206,0.0651763,0.1612693,-0.06384285,0.05647307,0.1467582,-0.04671084,0.2916716,-0.243289,0.1427705,0.9139774,0.05647307,0.1467582,-0.04671084,0.06040208,0.1383046,-0.05442574,-0.8915901,0.1544461,-0.2426755,-0.3497457,0.06040208,0.1383046,-0.05442574,0.06385329,0.1373203,-0.06277729,-0.9743126,0.1004797,-0.1984606,-0.03510318,0.09486625,0.1429791,-0.09405939,0.07941482,0.1593542,-0.06167873,-0.1984644,-0.2238102,-0.08477632,0.9504388,0.07941482,0.1593542,-0.06167873,0.07200488,0.1509417,-0.05082752,0.2811304,-0.2705874,0.04065662,0.9198343,0.07200488,0.1509417,-0.05082752,0.07379195,0.1410703,-0.05571626,-0.8269464,0.1876084,-0.2074827,-0.4877639,0.07379195,0.1410703,-0.05571626,0.07693329,0.1382166,-0.06094947,-0.9369386,0.1024341,-0.2702827,-0.19647
right,0.06393465,0.1496384,-0.07602455,-0.07452767,-0.1615246,1.034217,0.02325838,-0.828756,0.5591266,-0.6220987,0.4258078,0.6570243,-0.2724028,-0.3119048,0.1068586,0.9039322,1,0.7605395,0.07646056,0.130329,-0.1044862,0.07646056,0.130329,-0.1044862,-0.4716861,-0.3037093,0.5669227,0.6032178,0.07646056,0.130329,-0.1044862,0.04166907,0.1281688,-0.09068957,-0.3987614,-0.396211,0.6216812,0.5454528,0.04166907,0.1281688,-0.09068957,0.02742269,0.1284323,-0.07740741,-0.2998353,-0.2630008,0.6780953,0.617346,0.02742269,0.1284323,-0.07740741,0.02672598,0.1304738,-0.06675017,-0.08919317,0.04452826,0.7081488,0.69899,0.07621875,0.1408744,-0.105022,0.03954189,0.1524776,-0.07302206,-0.1966669,-0.3762544,0.1578503,0.8915369,0.03954189,0.1524776,-0.07302206,0.0352594,0.1418954,-0.05592278,0.2220649,-0.1866731,0.2960265,0.9100597,0.0352594,0.1418954,-0.05592278,0.04255372,0.1323404,-0.05756232,0.7504028,0.06682085,0.3510942,0.5560247,0.04255372,0.1323404,-0.05756232,0.0494775,0.1300473,-0.06473652,-0.8945527,-0.2244959,-0.3262829,-0.207163,0.08041242,0.1452517,-0.1022428,0.0502993,0.1588825,-0.06819656,-0.1787562,-0.3306156,0.06536776,0.9243736,0.0502993,0.1588825,-0.06819656,0.04297365,0.1430861,-0.05067103,0.2987186,-0.2367928,0.216196,0.8988636,0.04297365,0.1430861,-0.05067103,0.05176574,0.1314262,-0.05956487,-0.8711839,0.03341538,-0.309675,-0.3795042,0.05176574,0.1314262,-0.05956487,0.05835432,0.1311259,-0.06938037,-0.9535033,-0.0764453,-0.2892314,-0.03650586,0.08699729,0.1468251,-0.0974635,0.0651763,0.1612693,-0.06384285,-0.1830497,-0.2681892,0.01341814,0.9457206,0.0651763,0.1612693,-0.06384285,0.05647307,0.1467582,-0.04671084,0.2916716,-0.243289,0.1427705,0.9139774,0.05647307,0.1467582,-0.04671084,0.06040208,0.1383046,-0.05442574,-0.8915901,0.1544461,-0.2426755,-0.3497457,0.06040208,0.1383046,-0.05442574,0.06385329,0.1373203,-0.06277729,-0.9743126,0.1004797,-0.1984606,-0.03510318,0.09486625,0.1429791,-0.09405939,0.07941482,0.1593542,-0.06167873,-0.1984644,-0.2238102,-0.08477632,0.9504388,0.07941482,0.1593542,-0.06167873,0.07200488,0.1509417,-0.05082752,0.2811304,-0.2705874,0.04065662,0.9198343,0.07200488,0.1509417,-0.05082752,0.07379195,0.1410703,-0.05571626,-0.8269464,0.1876084,-0.2074827,-0.4877639,0.07379195,0.1410703,-0.05571626,0.07693329,0.1382166,-0.06094947,-0.9369386,0.1024341,-0.2702827,-0.19647
right,0.06393465,0.1496384,-0.07602455,-0.07452767,-0.1615246,1.034217,0.02325838,-0.828756,0.5591266,-0.6220987,0.4258078,0.6570243,-0.2724028,-0.3119048,0.1068586,0.9039322,1,0.7605395,0.07646056,0.130329,-0.1044862,0.07646056,0.130329,-0.1044862,-0.4716861,-0.3037093,0.5669227,0.6032178,0.07646056,0.130329,-0.1044862,0.04166907,0.1281688,-0.09068957,-0.3987614,-0.396211,0.6216812,0.5454528,0.04166907,0.1281688,-0.09068957,0.02742269,0.1284323,-0.07740741,-0.2998353,-0.2630008,0.6780953,0.617346,0.02742269,0.1284323,-0.07740741,0.02672598,0.1304738,-0.06675017,-0.08919317,0.04452826,0.7081488,0.69899,0.07621875,0.1408744,-0.105022,0.03954189,0.1524776,-0.07302206,-0.1966669,-0.3762544,0.1578503,0.8915369,0.03954189,0.1524776,-0.07302206,0.0352594,0.1418954,-0.05592278,0.2220649,-0.1866731,0.2960265,0.9100597,0.0352594,0.1418954,-0.05592278,0.04255372,0.1323404,-0.05756232,0.7504028,0.06682085,0.3510942,0.5560247,0.04255372,0.1323404,-0.05756232,0.0494775,0.1300473,-0.06473652,-0.8945527,-0.2244959,-0.3262829,-0.207163,0.08041242,0.1452517,-0.1022428,0.0502993,0.1588825,-0.06819656,-0.1787562,-0.3306156,0.06536776,0.9243736,0.0502993,0.1588825,-0.06819656,0.04297365,0.1430861,-0.05067103,0.2987186,-0.2367928,0.216196,0.8988636,0.04297365,0.1430861,-0.05067103,0.05176574,0.1314262,-0.05956487,-0.8711839,0.03341538,-0.309675,-0.3795042,0.05176574,0.1314262,-0.05956487,0.05835432,0.1311259,-0.06938037,-0.9535033,-0.0764453,-0.2892314,-0.03650586,0.08699729,0.1468251,-0.0974635,0.0651763,0.1612693,-0.06384285,-0.1830497,-0.2681892,0.01341814,0.9457206,0.0651763,0.1612693,-0.06384285,0.05647307,0.1467582,-0.04671084,0.2916716,-0.243289,0.1427705,0.9139774,0.05647307,0.1467582,-0.04671084,0.06040208,0.1383046,-0.05442574,-0.8915901,0.1544461,-0.2426755,-0.3497457,0.06040208,0.1383046,-0.05442574,0.06385329,0.1373203,-0.06277729,-0.9743126,0.1004797,-0.1984606,-0.03510318,0.09486625,0.1429791,-0.09405939,0.07941482,0.1593542,-0.06167873,-0.1984644,-0.2238102,-0.08477632,0.9504388,0.07941482,0.1593542,-0.06167873,0.07200488,0.1509417,-0.05082752,0.2811304,-0.2705874,0.04065662,0.9198343,0.07200488,0.1509417,-0.05082752,0.07379195,0.1410703,-0.05571626,-0.8269464,0.1876084,-0.2074827,-0.4877639,0.07379195,0.1410703,-0.05571626,0.07693329,0.1382166,-0.06094947,-0.9369386,0.1024341,-0.2702827,-0.19647
right,0.06221437,0.1465561,-0.06679276,-0.1973251,-0.3535514,1.058935,0.02687172,-0.8634871,0.5036545,-0.5944473,0.3912691,0.7025246,-0.2437589,-0.2988633,0.09401068,0.9178367,1,0.8238171,0.07381372,0.1289472,-0.0970111,0.07381372,0.1289472,-0.0970111,-0.4453388,-0.3087095,0.559476,0.6271829,0.07381372,0.1289472,-0.0970111,0.0398066,0.1259515,-0.08138423,-0.3622736,-0.4008138,0.6168563,0.5723588,0.0398066,0.1259515,-0.08138423,0.02615494,0.1256667,-0.06763645,-0.2701667,-0.2688062,0.6688463,0.6382772,0.02615494,0.1256667,-0.06763645,0.02595979,0.1272076,-0.05683469,-0.05664321,0.0433814,0.7011722,0.7094133,0.0736922,0.1395787,-0.0966751,0.03801667,0.1496681,-0.0626535,-0.1681712,-0.3655952,0.1417976,0.904407,0.03801667,0.1496681,-0.0626535,0.03377471,0.1380676,-0.04581714,0.2482885,-0.1876399,0.2777518,0.9088444,0.03377471,0.1380676,-0.04581714,0.04065577,0.1281798,-0.04788792,0.7634166,0.04361404,0.3373364,0.5490874,0.04065577,0.1281798,-0.04788792,0.04706297,0.1259024,-0.05533715,-0.9125925,-0.1909359,-0.3086531,-0.1882861,0.07789887,0.1437048,-0.0937667,0.04891688,0.1556003,-0.05777172,-0.1503106,-0.3166237,0.05031686,0.9352135,0.04891688,0.1556003,-0.05777172,0.04183075,0.1385053,-0.04091553,0.3311184,-0.2316523,0.1973889,0.8931604,0.04183075,0.1385053,-0.04091553,0.04994735,0.1271355,-0.05030633,-0.8813733,0.04611892,-0.292796,-0.3678649,0.04994735,0.1271355,-0.05030633,0.05602551,0.1273472,-0.06057454,-0.9627442,-0.0576632,-0.2641116,-0.00660482,0.08455608,0.1447378,-0.08925387,0.06390791,0.1573569,-0.05389873,-0.154245,-0.2521938,0.000320839,0.9553045,0.06390791,0.1573569,-0.05389873,0.05537027,0.1416132,-0.03740815,0.3238536,-0.2375664,0.1241577,0.90734,0.05537027,0.1416132,-0.03740815,0.05890787,0.1335453,-0.04575559,-0.9033685,0.1668319,-0.2217258,-0.3270018,0.05890787,0.1335453,-0.04575559,0.06201941,0.1330711,-0.05459302,-0.9780404,0.120232,-0.1701679,-0.004918994,0.09243146,0.1405384,-0.08655528,0.07817814,0.1550834,-0.05252305,-0.1706947,-0.2044807,-0.09616885,0.9590634,0.07817814,0.1550834,-0.05252305,0.07099333,0.1457537,-0.04210734,0.3191172,-0.2586471,0.0226777,0.9114558,0.07099333,0.1457537,-0.04210734,0.07245898,0.1361958,-0.04761482,-0.8431929,0.1910128,-0.1840336,-0.4676231,0.07245898,0.1361958,-0.04761482,0.07514299,0.1337938,-0.05318604,-0.9514065,0.1213024,-0.2330903,-0.1605621
right,0.06047773,0.1425389,-0.0576292,-0.201303,-0.4656491,1.062195,0.02975207,-0.896276,0.4424976,-0.5648971,0.3501409,0.7471899,-0.2128139,-0.2848075,0.08106942,0.9311405,1,0.9230984,0.07089489,0.1270723,-0.08925135,0.07089489,0.1270723,-0.08925135,-0.4165111,-0.3139226,0.5513253,0.6511617,0.07089489,0.1270723,-0.08925135,0.03813216,0.123734,-0.0718214,-0.3274263,-0.3986211,0.608058,0.6034557,0.03813216,0.123734,-0.0718214,0.0256863,0.1225316,-0.05720422,-0.2210644,-0.2667933,0.6651918,0.6614165,0.0256863,0.1225316,-0.05720422,0.02608932,0.1234383,-0.04644884,-0.01701912,0.04271185,0.6977774,0.7148376,0.07103892,0.137546,-0.08822795,0.03649629,0.1457971,-0.05224406,-0.1374348,-0.3538989,0.1253798,0.9165954,0.03649629,0.1457971,-0.05224406,0.03220426,0.1339431,-0.03587965,0.2625081,-0.1870877,0.2541398,0.9118666,0.03220426,0.1339431,-0.03587965,0.03858358,0.124127,-0.03855376,0.7812632,0.03116842,0.3186097,0.5358584,0.03858358,0.124127,-0.03855376,0.0445246,0.1219542,-0.04616632,-0.9253973,-0.1679149,-0.2931367,-0.1718001,0.07528786,0.1412515,-0.08534518,0.04755961,0.1510863,-0.04748763,-0.1196979,-0.3014544,0.03511994,0.9452853,0.04755961,0.1510863,-0.04748763,0.04061103,0.1335122,-0.03140544,0.3531899,-0.2262987,0.1743867,0.890862,0.04061103,0.1335122,-0.03140544,0.04809078,0.1227464,-0.04138659,-0.8944685,0.05308966,-0.2744755,-0.3489569,0.04809078,0.1227464,-0.04138659,0.05358309,0.1233778,-0.05187247,-0.9698419,-0.04121488,-0.2396026,0.01728024,0.08201441,0.1418447,-0.08118401,0.06264441,0.1523362,-0.04420048,-0.1233032,-0.2350005,-0.01271698,0.9640588,0.06264441,0.1523362,-0.04420048,0.05420864,0.1363226,-0.02841731,0.3425247,-0.2325106,0.1012994,0.9046292,0.05420864,0.1363226,-0.02841731,0.05731045,0.1287082,-0.03735118,-0.9137511,0.1815669,-0.2000833,-0.3034124,0.05731045,0.1287082,-0.03735118,0.06015105,0.1284465,-0.04615456,-0.9776675,0.1407753,-0.1558366,0.007975251,0.08984105,0.1374395,-0.07916065,0.07687896,0.1498658,-0.04358748,-0.1408682,-0.1838413,-0.1072568,0.9668788,0.07687896,0.1498658,-0.04358748,0.06971725,0.1405288,-0.03366741,0.3343981,-0.2567217,0.0003935257,0.906792,0.06971725,0.1405288,-0.03366741,0.07082263,0.1315417,-0.03964753,-0.8561173,0.2064251,-0.1664442,-0.443563,0.07082263,0.1315417,-0.03964753,0.07329319,0.129408,-0.04531267,-0.9552557,0.1439052,-0.2185491,-0.1378915
right,0.06047773,0.1425389,-0.0576292,-0.201303,-0.4656491,1.062195,0.02975207,-0.896276,0.4424976,-0.5648971,0.3501409,0.7471899,-0.2128139,-0.2848075,0.08106942,0.9311405,1,0.9230984,0.07089489,0.1270723,-0.08925135,0.07089489,0.1270723,-0.08925135,-0.4165111,-0.3139226,0.5513253,0.6511617,0.07089489,0.1270723,-0.08925135,0.03813216,0.123734,-0.0718214,-0.3274263,-0.3986211,0.608058,0.6034557,0.03813216,0.123734,-0.0718214,0.0256863,0.1225316,-0.05720422,-0.2210644,-0.2667933,0.6651918,0.6614165,0.0256863,0.1225316,-0.05720422,0.02608932,0.1234383,-0.04644884,-0.01701912,0.04271185,0.6977774,0.7148376,0.07103892,0.137546,-0.08822795,0.03649629,0.1457971,-0.05224406,-0.1374348,-0.3538989,0.1253798,0.9165954,0.03649629,0.1457971,-0.05224406,0.03220426,0.1339431,-0.03587965,0.2625081,-0.1870877,0.2541398,0.9118666,0.03220426,0.1339431,-0.03587965,0.03858358,0.124127,-0.03855376,0.7812632,0.03116842,0.3186097,0.5358584,0.03858358,0.124127,-0.03855376,0.0445246,0.1219542,-0.04616632,-0.9253973,-0.1679149,-0.2931367,-0.1718001,0.07528786,0.1412515,-0.08534518,0.04755961,0.1510863,-0.04748763,-0.1196979,-0.3014544,0.03511994,0.9452853,0.04755961,0.1510863,-0.04748763,0.04061103,0.1335122,-0.03140544,0.3531899,-0.2262987,0.1743867,0.890862,0.04061103,0.1335122,-0.03140544,0.04809078,0.1227464,-0.04138659,-0.8944685,0.05308966,-0.2744755,-0.3489569,0.04809078,0.1227464,-0.04138659,0.05358309,0.1233778,-0.05187247,-0.9698419,-0.04121488,-0.2396026,0.01728024,0.08201441,0.1418447,-0.08118401,0.06264441,0.1523362,-0.04420048,-0.1233032,-0.2350005,-0.01271698,0.9640588,0.06264441,0.1523362,-0.04420048,0.05420864,0.1363226,-0.02841731,0.3425247,-0.2325106,0.1012994,0.9046292,0.05420864,0.1363226,-0.02841731,0.05731045,0.1287082,-0.03735118,-0.9137511,0.1815669,-0.2000833,-0.3034124,0.05731045,0.1287082,-0.03735118,0.06015105,0.1284465,-0.04615456,-0.9776675,0.1407753,-0.1558366,0.007975251,0.08984105,0.1374395,-0.07916065,0.07687896,0.1498658,-0.04358748,-0.1408682,-0.1838413,-0.1072568,0.9668788,0.07687896,0.1498658,-0.04358748,0.06971725,0.1405288,-0.03366741,0.3343981,-0.2567217,0.0003935257,0.906792,0.06971725,0.1405288,-0.03366741,0.07082263,0.1315417,-0.03964753,-0.8561173,0.2064251,-0.1664442,-0.443563,0.07082263,0.1315417,-0.03964753,0.07329319,0.129408,-0.04531267,-0.9552557,0.1439052,-0.2185491,-0.1378915
right,0.05937807,0.1391239,-0.04880004,-0.1263681,-0.3924446,1.014612,0.0303545,-0.9196733,0.3915093,-0.5392991,0.3147161,0.7810956,-0.1876154,-0.2724935,0.07045417,0.9410547,1,0.9981058,0.06862696,0.1254365,-0.08129133,0.06862696,0.1254365,-0.08129133,-0.3924983,-0.3172635,0.5442555,0.6701305,0.06862696,0.1254365,-0.08129133,0.03739109,0.1223225,-0.0622079,-0.2999706,-0.3876625,0.5991673,0.6330355,0.03739109,0.1223225,-0.0622079,0.02580378,0.1206143,-0.04711619,-0.1880513,-0.2638901,0.6555178,0.6821254,0.02580378,0.1206143,-0.04711619,0.02612039,0.1203811,-0.03664944,0.01851675,0.003100452,0.6960548,0.7177432,0.06898465,0.1357325,-0.07983012,0.03554582,0.1423796,-0.04245548,-0.1124755,-0.3434402,0.111864,0.9256806,0.03554582,0.1423796,-0.04245548,0.03094559,0.130823,-0.0259556,0.2577521,-0.1852154,0.2293293,0.9201452,0.03094559,0.130823,-0.0259556,0.03658719,0.1209771,-0.02899256,0.7931875,0.0109156,0.2954126,0.5324151,0.03658719,0.1209771,-0.02899256,0.0424216,0.1186696,-0.0368021,-0.9324016,-0.1428827,-0.2866583,-0.1674478,0.07337286,0.1391239,-0.07699504,0.04682207,0.147171,-0.03785618,-0.09490431,-0.2882358,0.02267098,0.9525751,0.04682207,0.147171,-0.03785618,0.03946423,0.1293167,-0.02221956,0.3641649,-0.2296461,0.1542357,0.889302,0.03946423,0.1293167,-0.02221956,0.04643846,0.1189569,-0.03265293,-0.9032202,0.06899077,-0.2626304,-0.3323535,0.04643846,0.1189569,-0.03265293,0.05163156,0.1198383,-0.04311995,-0.9727522,-0.01967327,-0.2284885,0.03404507,0.08021669,0.1394084,-0.07311206,0.06200953,0.1480639,-0.03504804,-0.09825536,-0.2202085,-0.02337245,0.9702102,0.06200953,0.1480639,-0.03504804,0.05314876,0.1319083,-0.01970885,0.352036,-0.2370087,0.08218087,0.9017449,0.05314876,0.1319083,-0.01970885,0.05600252,0.1246026,-0.02890882,-0.9174532,0.1969093,-0.190552,-0.2884377,0.05600252,0.1246026,-0.02890882,0.05859955,0.1244563,-0.03760644,-0.976267,0.161056,-0.1439572,0.01549253,0.08799944,0.1348774,-0.07159074,0.07618704,0.1454704,-0.03501131,-0.1167506,-0.1663183,-0.1162233,0.9722138,0.07618704,0.1454704,-0.03501131,0.06877685,0.1359628,-0.02535081,0.3464153,-0.259446,-0.01733065,0.9013234,0.06877685,0.1359628,-0.02535081,0.06955799,0.1273223,-0.0317328,-0.8631682,0.2263161,-0.1533179,-0.4245177,0.06955799,0.1273223,-0.0317328,0.07174615,0.1254465,-0.03762164,-0.95827,0.1755461,-0.1949466,-0.1135693
right,0.05937807,0.1391239,-0.04880004,-0.1263681,-0.3924446,1.014612,0.0303545,-0.9196733,0.3915093,-0.5392991,0.3147161,0.7810956,-0.1876154,-0.2724935,0.07045417,0.9410547,1,0.9981058,0.06862696,0.1254365,-0.08129133,0.06862696,0.1254365,-0.08129133,-0.3924983,-0.3172635,0.5442555,0.6701305,0.06862696,0.1254365,-0.08129133,0.03739109,0.1223225,-0.0622079,-0.2999706,-0.3876625,0.5991673,0.6330355,0.03739109,0.1223225,-0.0622079,0.02580378,0.1206143,-0.04711619,-0.1880513,-0.2638901,0.6555178,0.6821254,0.02580378,0.1206143,-0.04711619,0.02612039,0.1203811,-0.03664944,0.01851675,0.003100452,0.6960548,0.7177432,0.06898465,0.1357325,-0.07983012,0.03554582,0.1423796,-0.04245548,-0.1124755,-0.3434402,0.111864,0.9256806,0.03554582,0.1423796,-0.04245548,0.03094559,0.130823,-0.0259556,0.2577521,-0.1852154,0.2293293,0.9201452,0.03094559,0.130823,-0.0259556,0.03658719,0.1209771,-0.02899256,0.7931875,0.0109156,0.2954126,0.5324151,0.03658719,0.1209771,-0.02899256,0.0424216,0.1186696,-0.0368021,-0.9324016,-0.1428827,-0.2866583,-0.1674478,0.07337286,0.1391239,-0.07699504,0.04682207,0.147171,-0.03785618,-0.09490431,-0.2882358,0.02267098,0.9525751,0.04682207,0.147171,-0.03785618,0.03946423,0.1293167,-0.02221956,0.3641649,-0.2296461,0.1542357,0.889302,0.03946423,0.1293167,-0.02221956,0.04643846,0.1189569,-0.03265293,-0.9032202,0.06899077,-0.2626304,-0.3323535,0.04643846,0.1189569,-0.03265293,0.05163156,0.1198383,-0.04311995,-0.9727522,-0.01967327,-0.2284885,0.03404507,0.08021669,0.1394084,-0.07311206,0.06200953,0.1480639,-0.03504804,-0.09825536,-0.2202085,-0.02337245,0.9702102,0.06200953,0.1480639,-0.03504804,0.05314876,0.1319083,-0.01970885,0.352036,-0.2370087,0.08218087,0.9017449,0.05314876,0.1319083,-0.01970885,0.05600252,0.1246026,-0.02890882,-0.9174532,0.1969093,-0.190552,-0.2884377,0.05600252,0.1246026,-0.02890882,0.05859955,0.1244563,-0.03760644,-0.976267,0.161056,-0.1439572,0.01549253,0.08799944,0.1348774,-0.07159074,0.07618704,0.1454704,-0.03501131,-0.1167506,-0.1663183,-0.1162233,0.9722138,0.07618704,0.1454704,-0.03501131,0.06877685,0.1359628,-0.02535081,0.3464153,-0.259446,-0.01733065,0.9013234,0.06877685,0.1359628,-0.02535081,0.06955799,0.1273223,-0.0317328,-0.8631682,0.2263161,-0.1533179,-0.4245177,0.06955799,0.1273223,-0.0317328,0.07174615,0.1254465,-0.03762164,-0.95827,0.1755461,-0.1949466,-0.1135693
right,0.05856457,0.1363691,-0.03994151,-0.09341988,-0.3163563,1.017287,0.02996686,-0.9379973,0.3453448,-0.5119015,0.2823504,0.8113169,-0.1652325,-0.2589204,0.06082402,0.9497152,1,1,0.06649777,0.1242272,-0.07320947,0.06649777,0.1242272,-0.07320947,-0.3698396,-0.3179951,0.5380443,0.6874635,0.06649777,0.1242272,-0.07320947,0.03720325,0.1213156,-0.05244254,-0.2714885,-0.371587,0.5920881,0.6615503,0.03720325,0.1213156,-0.05244254,0.02683002,0.1191418,-0.03680287,-0.1504032,-0.2519286,0.6479802,0.7028745,0.02683002,0.1191418,-0.03680287,0.02739449,0.118053,-0.02660234,0.05739423,-0.01677212,0.6895533,0.7217623,0.06709331,0.1343567,-0.07135926,0.03494586,0.1395399,-0.03281938,-0.09031609,-0.3315344,0.09946246,0.9338282,0.03494586,0.1395399,-0.03281938,0.0302307,0.1282944,-0.01634873,0.2555655,-0.1811948,0.2069744,0.9268313,0.0302307,0.1282944,-0.01634873,0.03558086,0.1184883,-0.01981791,0.8051004,0.01035928,0.2773174,0.5242147,0.03558086,0.1184883,-0.01981791,0.04123982,0.1161234,-0.02774746,-0.9365661,-0.1354431,-0.2773538,-0.1660544,0.07164887,0.1375091,-0.06848939,0.04643762,0.1439217,-0.02833183,-0.07308879,-0.273888,0.0112256,0.9589147,0.04643762,0.1439217,-0.02833183,0.0388248,0.1257916,-0.01329101,0.3777118,-0.2314259,0.1358966,0.886176,0.0388248,0.1257916,-0.01329101,0.04532862,0.1159138,-0.02429097,-0.9128102,0.08545772,-0.2497435,-0.311613,0.04532862,0.1159138,-0.02429097,0.05032988,0.1170789,-0.03459496,-0.9733987,0.0007006957,-0.2231042,0.05214405,0.07867068,0.1375918,-0.06477589,0.06175286,0.1445671,-0.02590954,-0.07627875,-0.2044849,-0.03319929,0.9753283,0.06175286,0.1445671,-0.02590954,0.05264013,0.1283337,-0.01117983,0.3636122,-0.239875,0.06443299,0.8978277,0.05264013,0.1283337,-0.01117983,0.05499966,0.1213152,-0.02068166,-0.9185269,0.2251616,-0.1739181,-0.2745234,0.05499966,0.1213152,-0.02068166,0.05724619,0.1212545,-0.02921583,-0.9720976,0.1963222,-0.126489,0.02200854,0.0864673,0.1330044,-0.06362257,0.07590535,0.1419086,-0.02633264,-0.09577128,-0.1482131,-0.1244346,0.9764102,0.07590535,0.1419086,-0.02633264,0.06848516,0.1323738,-0.01685904,0.3556758,-0.2548971,-0.03551172,0.8984771,0.06848516,0.1323738,-0.01685904,0.06861932,0.1240657,-0.02364882,-0.8664194,0.2563105,-0.1281768,-0.4088925,0.06861932,0.1240657,-0.02364882,0.07050678,0.1224306,-0.02973934,-0.9570202,0.2161864,-0.1704249,-0.09127451
right,0.05856457,0.1363691,-0.03994151,-0.09341988,-0.3163563,1.017287,0.02996686,-0.9379973,0.3453448,-0.5119015,0.2823504,0.8113169,-0.1652325,-0.2589204,0.06082402,0.9497152,1,1,0.06649777,0.1242272,-0.07320947,0.06649777,0.1242272,-0.07320947,-0.3698396,-0.3179951,0.5380443,0.6874635,0.06649777,0.1242272,-0.07320947,0.03720325,0.1213156,-0.05244254,-0.2714885,-0.371587,0.5920881,0.6615503,0.03720325,0.1213156,-0.05244254,0.02683002,0.1191418,-0.03680287,-0.1504032,-0.2519286,0.6479802,0.7028745,0.02683002,0.1191418,-0.03680287,0.02739449,0.118053,-0.02660234,0.05739423,-0.01677212,0.6895533,0.7217623,0.06709331,0.1343567,-0.07135926,0.03494586,0.1395399,-0.03281938,-0.09031609,-0.3315344,0.09946246,0.9338282,0.03494586,0.1395399,-0.03281938,0.0302307,0.1282944,-0.01634873,0.2555655,-0.1811948,0.2069744,0.9268313,0.0302307,0.1282944,-0.01634873,0.03558086,0.1184883,-0.01981791,0.8051004,0.01035928,0.2773174,0.5242147,0.03558086,0.1184883,-0.01981791,0.04123982,0.1161234,-0.02774746,-0.9365661,-0.1354431,-0.2773538,-0.1660544,0.07164887,0.1375091,-0.06848939,0.04643762,0.1439217,-0.02833183,-0.07308879,-0.273888,0.0112256,0.9589147,0.04643762,0.1439217,-0.02833183,0.0388248,0.1257916,-0.01329101,0.3777118,-0.2314259,0.1358966,0.886176,0.0388248,0.1257916,-0.01329101,0.04532862,0.1159138,-0.02429097,-0.9128102,0.08545772,-0.2497435,-0.311613,0.04532862,0.1159138,-0.02429097,0.05032988,0.1170789,-0.03459496,-0.9733987,0.0007006957,-0.2231042,0.05214405,0.07867068,0.1375918,-0.06477589,0.06175286,0.1445671,-0.02590954,-0.07627875,-0.2044849,-0.03319929,0.9753283,0.06175286,0.1445671,-0.02590954,0.05264013,0.1283337,-0.01117983,0.3636122,-0.239875,0.06443299,0.8978277,0.05264013,0.1283337,-0.01117983,0.05499966,0.1213152,-0.02068166,-0.9185269,0.2251616,-0.1739181,-0.2745234,0.05499966,0.1213152,-0.02068166,0.05724619,0.1212545,-0.02921583,-0.9720976,0.1963222,-0.126489,0.02200854,0.0864673,0.1330044,-0.06362257,0.07590535,0.1419086,-0.02633264,-0.09577128,-0.1482131,-0.1244346,0.9764102,0.07590535,0.1419086,-0.02633264,0.06848516,0.1323738,-0.01685904,0.3556758,-0.2548971,-0.03551172,0.8984771,0.06848516,0.1323738,-0.01685904,0.06861932,0.1240657,-0.02364882,-0.8664194,0.2563105,-0.1281768,-0.4088925,0.06861932,0.1240657,-0.02364882,0.07050678,0.1224306,-0.02973934,-0.9570202,0.2161864,-0.1704249,-0.09127451
right,0.05808532,0.1341784,-0.03138828,-0.05555924,-0.2539661,0.9915641,0.00487474,-0.9519261,0.3062892,-0.4824286,0.266053,0.8345528,-0.149535,-0.2456885,0.04094224,0.95687,1,1,0.06462289,0.123101,-0.06535973,0.06462289,0.123101,-0.06535973,-0.3546732,-0.3140909,0.5237952,0.7079495,0.06462289,0.123101,-0.06535973,0.03672608,0.1210053,-0.04317901,-0.2529265,-0.354102,0.5767305,0.6913912,0.03672608,0.1210053,-0.04317901,0.026776,0.1186297,-0.02705554,-0.1289128,-0.2473614,0.6294444,0.7252542,0.026776,0.1186297,-0.02705554,0.02732573,0.116724,-0.01686332,0.08589438,-0.04276499,0.6732252,0.7331856,0.06576706,0.1330727,-0.06319958,0.0348243,0.1377492,-0.02380652,-0.07577499,-0.3205591,0.07745159,0.9410108,0.0348243,0.1377492,-0.02380652,0.02988652,0.1264655,-0.007453161,0.261148,-0.1800277,0.1800942,0.9311057,0.02988652,0.1264655,-0.007453161,0.03485074,0.1165568,-0.01122606,0.8130967,0.002919678,0.2588769,0.5213905,0.03485074,0.1165568,-0.01122606,0.04019674,0.1140729,-0.01928252,-0.9430022,-0.1194333,-0.2630171,-0.165241,0.07052236,0.1360934,-0.06013666,0.04657095,0.1416899,-0.01925489,-0.05810393,-0.2611319,-0.01021481,0.9634987,0.04657095,0.1416899,-0.01925489,0.03834329,0.1235021,-0.004680809,0.3866053,-0.2360258,0.109633,0.8847648,0.03834329,0.1235021,-0.004680809,0.04397765,0.1137368,-0.0161843,-0.918003,0.1198536,-0.2297227,-0.3002219,0.04397765,0.1137368,-0.0161843,0.0487764,0.1149259,-0.02640759,-0.9738689,0.041338,-0.2142894,0.06285363,0.07769064,0.1357981,-0.05643013,0.06199118,0.1417238,-0.0170175,-0.06028383,-0.1905971,-0.05344996,0.9783567,0.06199118,0.1417238,-0.0170175,0.05214773,0.1254228,-0.002882861,0.3740893,-0.2490932,0.03946992,0.8924415,0.05214773,0.1254228,-0.002882861,0.05372521,0.1185886,-0.01264512,-0.9118183,0.2732182,-0.1517525,-0.2662899,0.05372521,0.1185886,-0.01264512,0.0556945,0.1185733,-0.02113337,-0.9612346,0.2511795,-0.1102653,0.02790202,0.08533815,0.1308533,-0.0555448,0.07600185,0.1385466,-0.01778224,-0.07986738,-0.1321325,-0.1432791,0.977565,0.07600185,0.1385466,-0.01778224,0.06817182,0.1288454,-0.008602647,0.3691562,-0.2593466,-0.0594277,0.890467,0.06817182,0.1288454,-0.008602647,0.0676434,0.120742,-0.01597391,-0.8660843,0.2931864,-0.1045959,-0.3911512,0.0676434,0.120742,-0.01597391,0.06907627,0.1192947,-0.02236529,-0.950412,0.2703982,-0.1338356,-0.07543069
right,0.05865135,0.1331189,-0.02282256,0.06439529,-0.1205235,0.9744843,-0.02991458,-0.9636931,0.2653312,-0.4505628,0.2499527,0.8570396,-0.1337074,-0.2315222,0.01660583,0.9634542,1,1,0.06363539,0.1231341,-0.05742448,0.06363539,0.1231341,-0.05742448,-0.3397013,-0.3088457,0.5056458,0.7304381,0.06363539,0.1231341,-0.05742448,0.03605053,0.1214868,-0.03424517,-0.2391057,-0.3485725,0.5562829,0.7154544,0.03605053,0.1214868,-0.03424517,0.02642765,0.1187693,-0.0176886,-0.107035,-0.2460557,0.6098753,0.7456891,0.02642765,0.1187693,-0.0176886,0.02713426,0.1161572,-0.007381553,0.1148674,-0.05652154,0.6550503,0.7446609,0.0653081,0.1330148,-0.05493554,0.03572019,0.1372707,-0.01486391,-0.06151532,-0.3089383,0.05093043,0.9477231,0.03572019,0.1372707,-0.01486391,0.03042048,0.1254138,0.001097771,0.279497,-0.1845139,0.1530507,0.9297374,0.03042048,0.1254138,0.001097771,0.0348263,0.1153508,-0.00349336,0.8318883,-0.02771886,0.2390765,0.5000358,0.0348263,0.1153508,-0.00349336,0.03994216,0.1129401,-0.01177945,-0.9521912,-0.07944386,-0.2554713,-0.1474955,0.0704219,0.135743,-0.05167401,0.04784749,0.140548,-0.0102617,-0.04314298,-0.247767,-0.03611412,0.9671845,0.04784749,0.140548,-0.0102617,0.03882531,0.12188,0.003486404,0.404867,-0.2444782,0.08186458,0.8772749,0.03882531,0.12188,0.003486404,0.04370442,0.1122955,-0.008732501,-0.9222596,0.1573505,-0.2108282,-0.2832482,0.04370442,0.1122955,-0.008732501,0.04836667,0.1137094,-0.01872744,-0.9708999,0.08247621,-0.2088641,0.08322778,0.07783848,0.135015,-0.04791947,0.06343397,0.1398573,-0.0081587,-0.04399183,-0.1761113,-0.0781044,0.9802802,0.06343397,0.1398573,-0.0081587,0.05274,0.1227064,0.004879052,0.4019787,-0.2595772,0.01391294,0.8779745,0.05274,0.1227064,0.004879052,0.05390845,0.1162761,-0.005537142,-0.911159,0.3054871,-0.1333605,-0.2422434,0.05390845,0.1162761,-0.005537142,0.05577407,0.1167665,-0.0141121,-0.9519415,0.2856863,-0.09420846,0.05757997,0.08530568,0.1297103,-0.04720646,0.07725533,0.1361051,-0.009168576,-0.06340235,-0.1153275,-0.1663703,0.9772413,0.07725533,0.1361051,-0.009168576,0.06916374,0.1255485,-0.0005429275,0.405163,-0.2525722,-0.08469022,0.8745729,0.06916374,0.1255485,-0.0005429275,0.0682101,0.1178213,-0.008937895,-0.878944,0.3066932,-0.07718378,-0.3569864,0.0682101,0.1178213,-0.008937895,0.06961001,0.1170192,-0.01573316,-0.9505605,0.2879423,-0.1133318,-0.02607677
right,0.05865135,0.1331189,-0.02282256,0.06439529,-0.1205235,0.9744843,-0.02991458,-0.9636931,0.2653312,-0.4505628,0.2499527,0.8570396,-0.1337074,-0.2315222,0.01660583,0.9634542,1,1,0.06363539,0.1231341,-0.05742448,0.06363539,0.1231341,-0.05742448,-0.3397013,-0.3088457,0.5056458,0.7304381,0.06363539,0.1231341,-0.05742448,0.03605053,0.1214868,-0.03424517,-0.2391057,-0.3485725,0.5562829,0.7154544,0.03605053,0.1214868,-0.03424517,0.02642765,0.1187693,-0.0176886,-0.107035,-0.2460557,0.6098753,0.7456891,0.02642765,0.1187693,-0.0176886,0.02713426,0.1161572,-0.007381553,0.1148674,-0.05652154,0.6550503,0.7446609,0.0653081,0.1330148,-0.05493554,0.03572019,0.1372707,-0.01486391,-0.06151532,-0.3089383,0.05093043,0.9477231,0.03572019,0.1372707,-0.01486391,0.03042048,0.1254138,0.001097771,0.279497,-0.1845139,0.1530507,0.9297374,0.03042048,0.1254138,0.001097771,0.0348263,0.1153508,-0.00349336,0.8318883,-0.02771886,0.2390765,0.5000358,0.0348263,0.1153508,-0.00349336,0.03994216,0.1129401,-0.01177945,-0.9521912,-0.07944386,-0.2554713,-0.1474955,0.0704219,0.135743,-0.05167401,0.04784749,0.140548,-0.0102617,-0.04314298,-0.247767,-0.03611412,0.9671845,0.04784749,0.140548,-0.0102617,0.03882531,0.12188,0.003486404,0.404867,-0.2444782,0.08186458,0.8772749,0.03882531,0.12188,0.003486404,0.04370442,0.1122955,-0.008732501,-0.9222596,0.1573505,-0.2108282,-0.2832482,0.04370442,0.1122955,-0.008732501,0.04836667,0.1137094,-0.01872744,-0.9708999,0.08247621,-0.2088641,0.08322778,0.07783848,0.135015,-0.04791947,0.06343397,0.1398573,-0.0081587,-0.04399183,-0.1761113,-0.0781044,0.9802802,0.06343397,0.1398573,-0.0081587,0.05274,0.1227064,0.004879052,0.4019787,-0.2595772,0.01391294,0.8779745,0.05274,0.1227064,0.004879052,0.05390845,0.1162761,-0.005537142,-0.911159,0.3054871,-0.1333605,-0.2422434,0.05390845,0.1162761,-0.005537142,0.05577407,0.1167665,-0.0141121,-0.9519415,0.2856863,-0.09420846,0.05757997,0.08530568,0.1297103,-0.04720646,0.07725533,0.1361051,-0.009168576,-0.06340235,-0.1153275,-0.1663703,0.9772413,0.07725533,0.1361051,-0.009168576,0.06916374,0.1255485,-0.0005429275,0.405163,-0.2525722,-0.08469022,0.8745729,0.06916374,0.1255485,-0.0005429275,0.0682101,0.1178213,-0.008937895,-0.878944,0.3066932,-0.07718378,-0.3569864,0.0682101,0.1178213,-0.008937895,0.06961001,0.1170192,-0.01573316,-0.9505605,0.2879423,-0.1133318,-0.02607677
right,0.0588055,0.1318414,-0.01486728,0.01792245,-0.1485308,0.9249255,-0.0789832,-0.9755498,0.205096,-0.4227679,0.2191004,0.8793533,-0.1094149,-0.2198903,-0.01592213,0.9692385,1,1,0.0626462,0.1237417,-0.05022248,0.0626462,0.1237417,-0.05022248,-0.3204755,-0.3089228,0.478385,0.7569742,0.0626462,0.1237417,-0.05022248,0.03543514,0.122559,-0.02624533,-0.2228763,-0.3463289,0.525948,0.7441512,0.03543514,0.122559,-0.02624533,0.0257632,0.1193156,-0.009604066,-0.08620723,-0.2574645,0.579883,0.7681251,0.0257632,0.1193156,-0.009604066,0.02621376,0.1156824,0.0006596521,0.1434686,-0.09208219,0.6302458,0.7574483,0.0649752,0.1333819,-0.04714745,0.03635918,0.1366746,-0.006433517,-0.03960751,-0.3004286,0.01574109,0.9528516,0.03635918,0.1366746,-0.006433517,0.03078368,0.124246,0.009183253,0.2997055,-0.1826957,0.1174364,0.928982,0.03078368,0.124246,0.009183253,0.03467033,0.1140607,0.004092803,-0.8425847,0.03995256,-0.2150305,-0.4921551,0.03467033,0.1140607,0.004092803,0.03923319,0.1116689,-0.004316563,-0.960911,-0.0548151,-0.2327907,-0.1394774,0.07024476,0.1356885,-0.04371323,0.04866487,0.1390634,-0.001762748,-0.01971309,-0.236905,-0.06998711,0.9688081,0.04866487,0.1390634,-0.001762748,0.03900671,0.1202279,0.01130249,0.4215013,-0.2443705,0.04504094,0.8721187,0.03900671,0.1202279,0.01130249,0.04280229,0.110804,-0.001409683,-0.9247214,0.1883549,-0.18233,-0.2759866,0.04280229,0.110804,-0.001409683,0.04697259,0.1123402,-0.01154601,-0.9707516,0.1247424,-0.1818839,0.09486277,0.07773633,0.1342877,-0.03996867,0.06426994,0.137363,0.0001859404,-0.01854863,-0.1638552,-0.110032,0.9801533,0.06426994,0.137363,0.0001859404,0.05281276,0.1199636,0.01224567,0.423829,-0.2643329,-0.02136756,0.8660488,0.05281276,0.1199636,0.01224567,0.05320322,0.1138301,0.001526278,-0.9052993,0.3379308,-0.1051397,-0.2349077,0.05320322,0.1138301,0.001526278,0.05498596,0.1145347,-0.007082796,-0.9406468,0.3212965,-0.08322641,0.07089113,0.08496438,0.128537,-0.0395295,0.07788547,0.1329215,-0.001113044,-0.03713297,-0.09983986,-0.1960519,0.9747906,0.07788547,0.1329215,-0.001113044,0.06932722,0.1220241,0.006913402,0.4313364,-0.2516522,-0.1188373,0.8581945,0.06932722,0.1220241,0.006913402,0.06745865,0.1148104,-0.002095073,-0.8771175,0.3404943,-0.03948197,-0.336407,0.06745865,0.1148104,-0.002095073,0.06871542,0.1144696,-0.0091391,-0.9397058,0.3295793,-0.09103132,0.006613292
right,0.0588055,0.1318414,-0.01486728,0.01792245,-0.1485308,0.9249255,-0.0789832,-0.9755498,0.205096,-0.4227679,0.2191004,0.8793533,-0.1094149,-0.2198903,-0.01592213,0.9692385,1,1,0.0626462,0.1237417,-0.05022248,0.0626462,0.1237417,-0.05022248,-0.3204755,-0.3089228,0.478385,0.7569742,0.0626462,0.1237417,-0.05022248,0.03543514,0.122559,-0.02624533,-0.2228763,-0.3463289,0.525948,0.7441512,0.03543514,0.122559,-0.02624533,0.0257632,0.1193156,-0.009604066,-0.08620723,-0.2574645,0.579883,0.7681251,0.0257632,0.1193156,-0.009604066,0.02621376,0.1156824,0.0006596521,0.1434686,-0.09208219,0.6302458,0.7574483,0.0649752,0.1333819,-0.04714745,0.03635918,0.1366746,-0.006433517,-0.03960751,-0.3004286,0.01574109,0.9528516,0.03635918,0.1366746,-0.006433517,0.03078368,0.124246,0.009183253,0.2997055,-0.1826957,0.1174364,0.928982,0.03078368,0.124246,0.009183253,0.03467033,0.1140607,0.004092803,-0.8425847,0.03995256,-0.2150305,-0.4921551,0.03467033,0.1140607,0.004092803,0.03923319,0.1116689,-0.004316563,-0.960911,-0.0548151,-0.2327907,-0.1394774,0.07024476,0.1356885,-0.04371323,0.04866487,0.1390634,-0.001762748,-0.01971309,-0.236905,-0.06998711,0.9688081,0.04866487,0.1390634,-0.001762748,0.03900671,0.1202279,0.01130249,0.4215013,-0.2443705,0.04504094,0.8721187,0.03900671,0.1202279,0.01130249,0.04280229,0.110804,-0.001409683,-0.9247214,0.1883549,-0.18233,-0.2759866,0.04280229,0.110804,-0.001409683,0.04697259,0.1123402,-0.01154601,-0.9707516,0.1247424,-0.1818839,0.09486277,0.07773633,0.1342877,-0.03996867,0.06426994,0.137363,0.0001859404,-0.01854863,-0.1638552,-0.110032,0.9801533,0.06426994,0.137363,0.0001859404,0.05281276,0.1199636,0.01224567,0.423829,-0.2643329,-0.02136756,0.8660488,0.05281276,0.1199636,0.01224567,0.05320322,0.1138301,0.001526278,-0.9052993,0.3379308,-0.1051397,-0.2349077,0.05320322,0.1138301,0.001526278,0.05498596,0.1145347,-0.007082796,-0.9406468,0.3212965,-0.08322641,0.07089113,0.08496438,0.128537,-0.0395295,0.07788547,0.1329215,-0.001113044,-0.03713297,-0.09983986,-0.1960519,0.9747906,0.07788547,0.1329215,-0.001113044,0.06932722,0.1220241,0.006913402,0.4313364,-0.2516522,-0.1188373,0.8581945,0.06932722,0.1220241,0.006913402,0.06745865,0.1148104,-0.002095073,-0.8771175,0.3404943,-0.03948197,-0.336407,0.06745865,0.1148104,-0.002095073,0.06871542,0.1144696,-0.0091391,-0.9397058,0.3295793,-0.09103132,0.006613292
right,0.0603043,0.1320115,-0.006477973,0.1738538,0.01973158,0.9731244,-0.1586729,-0.9745771,0.1581845,-0.3738612,0.2075908,0.9039546,-0.09391407,-0.1979971,-0.06238257,0.9736969,1,0.9657164,0.06202173,0.1253438,-0.04246263,0.06202173,0.1253438,-0.04246263,-0.3057779,-0.2940958,0.4417756,0.7904694,0.06202173,0.1253438,-0.04246263,0.03364,0.1238133,-0.01818804,-0.2069725,-0.3639306,0.4908053,0.7640858,0.03364,0.1238133,-0.01818804,0.02387621,0.1196385,-0.001433158,-0.0574641,-0.2727145,0.5515259,0.7862213,0.02387621,0.1196385,-0.001433158,0.02475591,0.1150729,0.00867483,0.1894713,-0.09926077,0.608848,0.7639058,0.06526572,0.1348662,-0.03890962,0.03856692,0.1384181,0.002579934,-0.02764045,-0.2825888,-0.03332287,0.9582636,0.03856692,0.1384181,0.002579934,0.03248854,0.1245821,0.0169517,0.34665,-0.1878032,0.07579428,0.9158706,0.03248854,0.1245821,0.0169517,0.03566875,0.1141181,0.01037248,-0.8668624,0.07934508,-0.1854526,-0.455918,0.03566875,0.1141181,0.01037248,0.03975444,0.1119372,0.001495503,-0.9712314,0.002170056,-0.2103228,-0.1116654,0.07105237,0.1361954,-0.03533804,0.05134697,0.1391564,0.0071286,-0.006013292,-0.2175268,-0.1183072,0.9688392,0.05134697,0.1391564,0.0071286,0.04066452,0.1201513,0.01871379,0.4496952,-0.2512928,-0.002135895,0.8571007,0.04066452,0.1201513,0.01871379,0.04366292,0.1107566,0.004923764,-0.9269978,0.2176713,-0.1569272,-0.2620458,0.04366292,0.1107566,0.004923764,0.0475731,0.1124008,-0.005155489,-0.9667783,0.161838,-0.1672247,0.105755,0.07876402,0.1341636,-0.03163256,0.06698783,0.1362251,0.008751736,-0.002019887,-0.1433984,-0.1569075,0.9771453,0.06698783,0.1362251,0.008751736,0.05419813,0.1180335,0.01892263,0.4650556,-0.2752385,-0.06587934,0.8388247,0.05419813,0.1180335,0.01892263,0.05390412,0.1123788,0.007327582,-0.9016207,0.3692806,-0.07441667,-0.2125422,0.05390412,0.1123788,0.007327582,0.05566054,0.1138114,-0.001396035,-0.9260901,0.3553722,-0.0630033,0.1099927,0.08550924,0.1277308,-0.03151165,0.0801012,0.130626,0.00698978,-0.01935498,-0.07650643,-0.2405842,0.9674148,0.0801012,0.130626,0.00698978,0.07075837,0.11903,0.01385717,0.4772283,-0.2507274,-0.162753,0.8263779,0.07075837,0.11903,0.01385717,0.06811395,0.112587,0.003710463,-0.8834608,0.3629492,-9.979034E-05,-0.2962512,0.06811395,0.112587,0.003710463,0.06937972,0.1131698,-0.003542623,-0.9284051,0.3592829,-0.06597362,0.06802436
right,0.0603043,0.1320115,-0.006477973,0.1738538,0.01973158,0.9731244,-0.1586729,-0.9745771,0.1581845,-0.3738612,0.2075908,0.9039546,-0.09391407,-0.1979971,-0.06238257,0.9736969,1,0.9657164,0.06202173,0.1253438,-0.04246263,0.06202173,0.1253438,-0.04246263,-0.3057779,-0.2940958,0.4417756,0.7904694,0.06202173,0.1253438,-0.04246263,0.03364,0.1238133,-0.01818804,-0.2069725,-0.3639306,0.4908053,0.7640858,0.03364,0.1238133,-0.01818804,0.02387621,0.1196385,-0.001433158,-0.0574641,-0.2727145,0.5515259,0.7862213,0.02387621,0.1196385,-0.001433158,0.02475591,0.1150729,0.00867483,0.1894713,-0.09926077,0.608848,0.7639058,0.06526572,0.1348662,-0.03890962,0.03856692,0.1384181,0.002579934,-0.02764045,-0.2825888,-0.03332287,0.9582636,0.03856692,0.1384181,0.002579934,0.03248854,0.1245821,0.0169517,0.34665,-0.1878032,0.07579428,0.9158706,0.03248854,0.1245821,0.0169517,0.03566875,0.1141181,0.01037248,-0.8668624,0.07934508,-0.1854526,-0.455918,0.03566875,0.1141181,0.01037248,0.03975444,0.1119372,0.001495503,-0.9712314,0.002170056,-0.2103228,-0.1116654,0.07105237,0.1361954,-0.03533804,0.05134697,0.1391564,0.0071286,-0.006013292,-0.2175268,-0.1183072,0.9688392,0.05134697,0.1391564,0.0071286,0.04066452,0.1201513,0.01871379,0.4496952,-0.2512928,-0.002135895,0.8571007,0.04066452,0.1201513,0.01871379,0.04366292,0.1107566,0.004923764,-0.9269978,0.2176713,-0.1569272,-0.2620458,0.04366292,0.1107566,0.004923764,0.0475731,0.1124008,-0.005155489,-0.9667783,0.161838,-0.1672247,0.105755,0.07876402,0.1341636,-0.03163256,0.06698783,0.1362251,0.008751736,-0.002019887,-0.1433984,-0.1569075,0.9771453,0.06698783,0.1362251,0.008751736,0.05419813,0.1180335,0.01892263,0.4650556,-0.2752385,-0.06587934,0.8388247,0.05419813,0.1180335,0.01892263,0.05390412,0.1123788,0.007327582,-0.9016207,0.3692806,-0.07441667,-0.2125422,0.05390412,0.1123788,0.007327582,0.05566054,0.1138114,-0.001396035,-0.9260901,0.3553722,-0.0630033,0.1099927,0.08550924,0.1277308,-0.03151165,0.0801012,0.130626,0.00698978,-0.01935498,-0.07650643,-0.2405842,0.9674148,0.0801012,0.130626,0.00698978,0.07075837,0.11903,0.01385717,0.4772283,-0.2507274,-0.162753,0.8263779,0.07075837,0.11903,0.01385717,0.06811395,0.112587,0.003710463,-0.8834608,0.3629492,-9.979034E-05,-0.2962512,0.06811395,0.112587,0.003710463,0.06937972,0.1131698,-0.003542623,-0.9284051,0.3592829,-0.06597362,0.06802436
right,0.06125244,0.1322019,0.000701567,0.1078663,0.02165665,0.816785,-0.212257,-0.9704598,0.1146947,-0.3453888,0.1842957,0.9201857,-0.07664117,-0.1844812,-0.09431998,0.9752931,1,0.9108716,0.06182595,0.1272257,-0.03566222,0.06182595,0.1272257,-0.03566222,-0.2908013,-0.2882861,0.4144168,0.8127635,0.06182595,0.1272257,-0.03566222,0.03287264,0.1255548,-0.01210721,-0.1981985,-0.3814329,0.4617818,0.7758762,0.03287264,0.1255548,-0.01210721,0.02309817,0.1205983,0.004417355,-0.03405898,-0.2866217,0.5307481,0.7968654,0.02309817,0.1205983,0.004417355,0.02422019,0.1151131,0.01437319,0.2269872,-0.1125322,0.5946577,0.7630174,0.06562715,0.1362815,-0.03177426,0.04005678,0.1393089,0.0101199,-0.01295694,-0.2717674,-0.06750151,0.9599053,0.04005678,0.1393089,0.0101199,0.0341128,0.1243449,0.02302687,0.392635,-0.1819534,0.05032179,0.9001102,0.0341128,0.1243449,0.02302687,0.03676694,0.1139341,0.01543522,-0.882844,0.09552772,-0.160877,-0.4307895,0.03676694,0.1139341,0.01543522,0.04055607,0.1123826,0.006528722,-0.9766275,0.02220064,-0.1996364,-0.07649314,0.0716463,0.1372495,-0.02805682,0.05299815,0.139246,0.01463908,0.009987225,-0.2052278,-0.1513601,0.9668878,0.05299815,0.139246,0.01463908,0.04171135,0.1197556,0.02458906,0.4822652,-0.255676,-0.03135077,0.8372975,0.04171135,0.1197556,0.02458906,0.04425158,0.1108548,0.009951803,-0.9311783,0.2355859,-0.1396408,-0.2406382,0.04425158,0.1108548,0.009951803,0.04802332,0.1129035,9.61409E-05,-0.9617003,0.1831559,-0.1578248,0.1291428,0.07948357,0.1344587,-0.02433381,0.06861553,0.1352137,0.01609307,0.01595366,-0.1302606,-0.1884193,0.973281,0.06861553,0.1352137,0.01609307,0.05512993,0.1167878,0.02465682,0.4958593,-0.2802525,-0.09625537,0.8162825,0.05512993,0.1167878,0.02465682,0.05463438,0.1117713,0.01257638,-0.9041505,0.3794083,-0.05781516,-0.1876663,0.05463438,0.1117713,0.01257638,0.05651139,0.1136517,0.004133652,-0.9188638,0.3641849,-0.06013314,0.1394373,0.08600026,0.1276582,-0.02444331,0.08146686,0.1289688,0.01402607,-0.0004601271,-0.06099074,-0.2699751,0.9609336,0.08146686,0.1289688,0.01402607,0.07160135,0.11703,0.02011136,0.5060456,-0.2471197,-0.1934728,0.8033791,0.07160135,0.11703,0.02011136,0.06857182,0.111301,0.009374599,-0.8891129,0.3708683,0.02443909,-0.2670912,0.06857182,0.111301,0.009374599,0.06984234,0.1124566,0.002226133,-0.9208761,0.3716894,-0.05106623,0.105955
right,0.06188966,0.1323831,0.007170995,0.07423342,0.02111096,0.7536613,-0.244963,-0.9655628,0.08764473,-0.3298904,0.1680142,0.9289475,-0.06552178,-0.176729,-0.1136904,0.9754733,1,0.887156,0.0619331,0.1284971,-0.02942016,0.0619331,0.1284971,-0.02942016,-0.28132,-0.2853113,0.3972449,0.8256228,0.0619331,0.1284971,-0.02942016,0.03277472,0.1268198,-0.006590075,-0.1938411,-0.3930642,0.4431954,0.7819872,0.03277472,0.1268198,-0.006590075,0.02294089,0.1215338,0.009527082,-0.02349664,-0.2973697,0.5167259,0.8025045,0.02294089,0.1215338,0.009527082,0.02418121,0.1153166,0.01936662,0.252873,-0.1254758,0.5862965,0.7593204,0.06607957,0.137304,-0.02536426,0.04109148,0.1399311,0.01677452,-0.003473265,-0.2655846,-0.08825716,0.9600331,0.04109148,0.1399311,0.01677452,0.03519037,0.1242254,0.02839765,0.4270402,-0.1813927,0.03742826,0.8850607,0.03519037,0.1242254,0.02839765,0.03762173,0.1139461,0.02025703,-0.8913678,0.1033376,-0.1503723,-0.4149373,0.03762173,0.1139461,0.02025703,0.04117874,0.1127843,0.01142107,-0.9794223,0.03387624,-0.1911488,-0.05519496,0.0721673,0.137944,-0.02151962,0.05405261,0.1392799,0.02131411,0.02030496,-0.1981563,-0.171321,0.9648683,0.05405261,0.1392799,0.02131411,0.0425293,0.1196723,0.03019971,0.5021927,-0.2566095,-0.04863875,0.8243715,0.0425293,0.1196723,0.03019971,0.04474647,0.1110299,0.01515762,-0.9330837,0.2437102,-0.1283397,-0.2312773,0.04474647,0.1110299,0.01515762,0.04840788,0.1133519,0.005432582,-0.958792,0.1933667,-0.1502762,0.1440288,0.08003172,0.1347175,-0.01776904,0.06960904,0.134616,0.02268209,0.02748488,-0.1227197,-0.2073748,0.9701444,0.06960904,0.134616,0.02268209,0.05586864,0.1160337,0.0301938,0.5170146,-0.2795335,-0.1137405,0.8010119,0.05586864,0.1160337,0.0301938,0.05530887,0.1115122,0.01786126,-0.9080511,0.3800806,-0.04749735,-0.1694873,0.05530887,0.1115122,0.01786126,0.05725748,0.1136843,0.009597052,-0.9158859,0.3641775,-0.05835373,0.1585012,0.08639018,0.1277258,-0.01801363,0.08228403,0.1280184,0.02043495,0.01168224,-0.05200915,-0.2875593,0.9562783,0.08228403,0.1280184,0.02043495,0.07226156,0.115712,0.02598411,0.5280711,-0.236895,-0.2110426,0.7877072,0.07226156,0.115712,0.02598411,0.06917318,0.1104632,0.01489835,-0.89899,0.3606178,0.03722978,-0.2457349,0.06917318,0.1104632,0.01489835,0.07043868,0.1121038,0.007757911,-0.9206066,0.3642479,-0.03893249,0.1352452
right,0.06188966,0.1323831,0.007170995,0.07423342,0.02111096,0.7536613,-0.244963,-0.9655628,0.08764473,-0.3298904,0.1680142,0.9289475,-0.06552178,-0.176729,-0.1136904,0.9754733,1,0.887156,0.0619331,0.1284971,-0.02942016,0.0619331,0.1284971,-0.02942016,-0.28132,-0.2853113,0.3972449,0.8256228,0.0619331,0.1284971,-0.02942016,0.03277472,0.1268198,-0.006590075,-0.1938411,-0.3930642,0.4431954,0.7819872,0.03277472,0.1268198,-0.006590075,0.02294089,0.1215338,0.009527082,-0.02349664,-0.2973697,0.5167259,0.8025045,0.02294089,0.1215338,0.009527082,0.02418121,0.1153166,0.01936662,0.252873,-0.1254758,0.5862965,0.7593204,0.06607957,0.137304,-0.02536426,0.04109148,0.1399311,0.01677452,-0.003473265,-0.2655846,-0.08825716,0.9600331,0.04109148,0.1399311,0.01677452,0.03519037,0.1242254,0.02839765,0.4270402,-0.1813927,0.03742826,0.8850607,0.03519037,0.1242254,0.02839765,0.03762173,0.1139461,0.02025703,-0.8913678,0.1033376,-0.1503723,-0.4149373,0.03762173,0.1139461,0.02025703,0.04117874,0.1127843,0.01142107,-0.9794223,0.03387624,-0.1911488,-0.05519496,0.0721673,0.137944,-0.02151962,0.05405261,0.1392799,0.02131411,0.02030496,-0.1981563,-0.171321,0.9648683,0.05405261,0.1392799,0.02131411,0.0425293,0.1196723,0.03019971,0.5021927,-0.2566095,-0.04863875,0.8243715,0.0425293,0.1196723,0.03019971,0.04474647,0.1110299,0.01515762,-0.9330837,0.2437102,-0.1283397,-0.2312773,0.04474647,0.1110299,0.01515762,0.04840788,0.1133519,0.005432582,-0.958792,0.1933667,-0.1502762,0.1440288,0.08003172,0.1347175,-0.01776904,0.06960904,0.134616,0.02268209,0.02748488,-0.1227197,-0.2073748,0.9701444,0.06960904,0.134616,0.02268209,0.05586864,0.1160337,0.0301938,0.5170146,-0.2795335,-0.1137405,0.8010119,0.05586864,0.1160337,0.0301938,0.05530887,0.1115122,0.01786126,-0.9080511,0.3800806,-0.04749735,-0.1694873,0.05530887,0.1115122,0.01786126,0.05725748,0.1136843,0.009597052,-0.9158859,0.3641775,-0.05835373,0.1585012,0.08639018,0.1277258,-0.01801363,0.08228403,0.1280184,0.02043495,0.01168224,-0.05200915,-0.2875593,0.9562783,0.08228403,0.1280184,0.02043495,0.07226156,0.115712,0.02598411,0.5280711,-0.236895,-0.2110426,0.7877072,0.07226156,0.115712,0.02598411,0.06917318,0.1104632,0.01489835,-0.89899,0.3606178,0.03722978,-0.2457349,0.06917318,0.1104632,0.01489835,0.07043868,0.1121038,0.007757911,-0.9206066,0.3642479,-0.03893249,0.1352452
right,0.06238231,0.1334389,0.01364009,0.0568559,0.12184,0.7465773,-0.2640979,-0.9615189,0.07572059,-0.3146448,0.1601029,0.9356098,-0.06041707,-0.1689523,-0.1248611,0.9758148,1,0.8615643,0.06179237,0.1300958,-0.02316234,0.06179237,0.1300958,-0.02316234,-0.2752704,-0.28023,0.3881017,0.8337112,0.06179237,0.1300958,-0.02316234,0.03269099,0.1282831,-0.0009010742,-0.1899498,-0.4006277,0.4336113,0.7844729,0.03269099,0.1282831,-0.0009010742,0.02309534,0.1227034,0.01485895,-0.01200105,-0.3017784,0.5115747,0.804411,0.02309534,0.1227034,0.01485895,0.02466738,0.1162507,0.02445634,0.2722257,-0.1213998,0.5840806,0.7549868,0.06624743,0.1388066,-0.01899872,0.04190904,0.1412793,0.02338825,0.0007346999,-0.2587456,-0.1003605,0.9607174,0.04190904,0.1412793,0.02338825,0.03668528,0.1249006,0.03407734,0.4571508,-0.1643225,0.0317472,0.8735006,0.03668528,0.1249006,0.03407734,0.03923595,0.1149691,0.02523657,-0.9052166,0.08413576,-0.1405077,-0.3921246,0.03923595,0.1149691,0.02523657,0.04237685,0.1145839,0.01626061,-0.9854395,0.02151663,-0.1678139,-0.01687064,0.07244312,0.1392092,-0.01504188,0.05494072,0.1402405,0.02793014,0.02472795,-0.1908897,-0.1830868,0.9640689,0.05494072,0.1402405,0.02793014,0.04326779,0.1206069,0.03593964,0.5171697,-0.2590076,-0.05875902,0.8136326,0.04326779,0.1206069,0.03593964,0.04531088,0.1123388,0.02025915,-0.9350169,0.2551812,-0.1199171,-0.2150485,0.04531088,0.1123388,0.02025915,0.04901021,0.1149791,0.01061868,-0.9538942,0.2057837,-0.1470767,0.1615778,0.08033545,0.1357551,-0.01126083,0.07044394,0.1352308,0.02921415,0.03250969,-0.1152194,-0.2186444,0.9684328,0.07044394,0.1352308,0.02921415,0.05667796,0.1164958,0.03574598,0.5361664,-0.2780009,-0.1233192,0.7874221,0.05667796,0.1164958,0.03574598,0.05607759,0.1123936,0.02297176,-0.9113475,0.3808221,-0.03873627,-0.1513928,0.05607759,0.1123936,0.02297176,0.05811622,0.1147315,0.0148396,-0.9134228,0.3644557,-0.05999604,0.1709718,0.08655419,0.1286495,-0.01161926,0.08294503,0.1284187,0.02678379,0.01683186,-0.04380857,-0.2980195,0.9534054,0.08294503,0.1284187,0.02678379,0.07276435,0.1161674,0.0315883,0.5456795,-0.2405218,-0.2204475,0.7718718,0.07276435,0.1161674,0.0315883,0.06967217,0.1112438,0.02012457,-0.9021531,0.3633828,0.04114178,-0.228867,0.06967217,0.1112438,0.02012457,0.07095832,0.1129791,0.01319814,-0.9180753,0.3666967,-0.03838979,0.1455933
right,0.06238231,0.1334389,0.01364009,0.0568559,0.12184,0.7465773,-0.2640979,-0.9615189,0.07572059,-0.3146448,0.1601029,0.9356098,-0.06041707,-0.1689523,-0.1248611,0.9758148,1,0.8615643,0.06179237,0.1300958,-0.02316234,0.06179237,0.1300958,-0.02316234,-0.2752704,-0.28023,0.3881017,0.8337112,0.06179237,0.1300958,-0.02316234,0.03269099,0.1282831,-0.0009010742,-0.1899498,-0.4006277,0.4336113,0.7844729,0.03269099,0.1282831,-0.0009010742,0.02309534,0.1227034,0.01485895,-0.01200105,-0.3017784,0.5115747,0.804411,0.02309534,0.1227034,0.01485895,0.02466738,0.1162507,0.02445634,0.2722257,-0.1213998,0.5840806,0.7549868,0.06624743,0.1388066,-0.01899872,0.04190904,0.1412793,0.02338825,0.0007346999,-0.2587456,-0.1003605,0.9607174,0.04190904,0.1412793,0.02338825,0.03668528,0.1249006,0.03407734,0.4571508,-0.1643225,0.0317472,0.8735006,0.03668528,0.1249006,0.03407734,0.03923595,0.1149691,0.02523657,-0.9052166,0.08413576,-0.1405077,-0.3921246,0.03923595,0.1149691,0.02523657,0.04237685,0.1145839,0.01626061,-0.9854395,0.02151663,-0.1678139,-0.01687064,0.07244312,0.1392092,-0.01504188,0.05494072,0.1402405,0.02793014,0.02472795,-0.1908897,-0.1830868,0.9640689,0.05494072,0.1402405,0.02793014,0.04326779,0.1206069,0.03593964,0.5171697,-0.2590076,-0.05875902,0.8136326,0.04326779,0.1206069,0.03593964,0.04531088,0.1123388,0.02025915,-0.9350169,0.2551812,-0.1199171,-0.2150485,0.04531088,0.1123388,0.02025915,0.04901021,0.1149791,0.01061868,-0.9538942,0.2057837,-0.1470767,0.1615778,0.08033545,0.1357551,-0.01126083,0.07044394,0.1352308,0.02921415,0.03250969,-0.1152194,-0.2186444,0.9684328,0.07044394,0.1352308,0.02921415,0.05667796,0.1164958,0.03574598,0.5361664,-0.2780009,-0.1233192,0.7874221,0.05667796,0.1164958,0.03574598,0.05607759,0.1123936,0.02297176,-0.9113475,0.3808221,-0.03873627,-0.1513928,0.05607759,0.1123936,0.02297176,0.05811622,0.1147315,0.0148396,-0.9134228,0.3644557,-0.05999604,0.1709718,0.08655419,0.1286495,-0.01161926,0.08294503,0.1284187,0.02678379,0.01683186,-0.04380857,-0.2980195,0.9534054,0.08294503,0.1284187,0.02678379,0.07276435,0.1161674,0.0315883,0.5456795,-0.2405218,-0.2204475,0.7718718,0.07276435,0.1161674,0.0315883,0.06967217,0.1112438,0.02012457,-0.9021531,0.3633828,0.04114178,-0.228867,0.06967217,0.1112438,0.02012457,0.07095832,0.1129791,0.01319814,-0.9180753,0.3666967,-0.03838979,0.1455933
right,0.06257417,0.1343175,0.01912389,0.02143379,0.09815508,0.6126472,-0.2816535,-0.9579151,0.05540671,-0.3039634,0.143846,0.9417614,-0.05104164,-0.1628313,-0.1357836,0.9759321,1,0.8543471,0.06163088,0.1318772,-0.0178451,0.06163088,0.1318772,-0.0178451,-0.2664548,-0.2786961,0.3780415,0.8416739,0.06163088,0.1318772,-0.0178451,0.03275336,0.1297304,0.003901791,-0.181628,-0.4083567,0.4231437,0.7881659,0.03275336,0.1297304,0.003901791,0.02325625,0.1238656,0.01929471,-0.001452682,-0.3085771,0.5035883,0.8069553,0.02325625,0.1238656,0.01929471,0.0250193,0.1171172,0.0287428,0.2878272,-0.122043,0.5798143,0.7523805,0.06627134,0.1403667,-0.01355095,0.04235753,0.1422918,0.02903693,0.0091803,-0.2535414,-0.1124545,0.9607219,0.04235753,0.1422918,0.02903693,0.0373343,0.1253674,0.03892366,0.4805017,-0.1575071,0.02435815,0.8623899,0.0373343,0.1253674,0.03892366,0.0399432,0.1158635,0.02969017,-0.9144946,0.07450598,-0.1360652,-0.3736772,0.0399432,0.1158635,0.02969017,0.04303988,0.1159511,0.02072546,-0.986124,0.01174219,-0.1654605,0.006652285,0.07254796,0.1405884,-0.009488228,0.05543781,0.1409327,0.0335917,0.03350556,-0.1849328,-0.1945039,0.9627281,0.05543781,0.1409327,0.0335917,0.04356533,0.1213279,0.0406857,0.5320759,-0.2627852,-0.06895414,0.8019255,0.04356533,0.1213279,0.0406857,0.04557373,0.1136265,0.02469111,-0.9372001,0.2632453,-0.1154645,-0.1975498,0.04557373,0.1136265,0.02469111,0.04941926,0.1165259,0.01528157,-0.9486526,0.2124758,-0.1517529,0.178559,0.08044012,0.1368429,-0.005700092,0.07088032,0.1355505,0.03478522,0.04190322,-0.1089086,-0.2292404,0.9663498,0.07088032,0.1355505,0.03478522,0.0570292,0.1168754,0.04042273,0.5519202,-0.2785076,-0.1336213,0.7745727,0.0570292,0.1168754,0.04042273,0.0564412,0.1132681,0.02739143,-0.9132379,0.3839524,-0.03192324,-0.132507,0.0564412,0.1132681,0.02739143,0.05862022,0.1158028,0.01945775,-0.9091204,0.366436,-0.06360532,0.1875608,0.0865313,0.1296707,-0.006224256,0.08323367,0.1286025,0.03214554,0.0263935,-0.0364873,-0.3075586,0.9504629,0.08323367,0.1286025,0.03214554,0.07317505,0.1163692,0.03646565,0.5606476,-0.2325797,-0.2309953,0.7604092,0.07317505,0.1163692,0.03646565,0.07012275,0.1118518,0.02491534,-0.9090689,0.354618,0.04821838,-0.213342,0.07012275,0.1118518,0.02491534,0.07137119,0.1137712,0.01810494,-0.9191639,0.3592627,-0.03272238,0.1581052
right,0.0624052,0.1351049,0.02366951,-0.02015866,0.09394748,0.5423069,-0.2878559,-0.9567888,0.0411603,-0.2991558,0.1306653,0.9452155,-0.04400434,-0.1595489,-0.140247,0.9761857,1,0.8505971,0.06135872,0.1332527,-0.01342993,0.06135872,0.1332527,-0.01342993,-0.2598183,-0.2791036,0.3735173,0.8456243,0.06135872,0.1332527,-0.01342993,0.03268402,0.1311589,0.008149438,-0.1788085,-0.4097369,0.4165329,0.7916082,0.03268402,0.1311589,0.008149438,0.02317552,0.1253528,0.02335982,-0.0004357415,-0.3108526,0.4964596,0.8104927,0.02317552,0.1253528,0.02335982,0.02496078,0.1183862,0.0327716,0.2950785,-0.1250526,0.5745527,0.7531133,0.06608105,0.1417024,-0.009049569,0.04232814,0.1431014,0.03371015,0.01583751,-0.2506759,-0.1177227,0.960756,0.04232814,0.1431014,0.03371015,0.03742082,0.1257486,0.04330283,0.4919717,-0.1521452,0.02085042,0.8569603,0.03742082,0.1257486,0.04330283,0.04009306,0.1165748,0.0339756,-0.9192476,0.06515055,-0.1346616,-0.3641503,0.04009306,0.1165748,0.0339756,0.04321963,0.1168541,0.02505387,-0.9857263,0.001218497,-0.1676646,0.01518929,0.07237557,0.1417465,-0.004909829,0.05542494,0.1415098,0.03828851,0.0402382,-0.1814865,-0.199273,0.9621506,0.05542494,0.1415098,0.03828851,0.04349849,0.1219086,0.04505314,0.5383403,-0.2622848,-0.07457381,0.7973927,0.04349849,0.1219086,0.04505314,0.04554988,0.1146681,0.02896606,-0.9397417,0.2641593,-0.1134634,-0.1850177,0.04554988,0.1146681,0.02896606,0.04958202,0.1177212,0.01963773,-0.9458491,0.2119474,-0.1588154,0.1876848,0.08022968,0.1378752,-0.001139674,0.07081588,0.1359919,0.03940362,0.04884725,-0.1052062,-0.2334253,0.9654316,0.07081588,0.1359919,0.03940362,0.05693363,0.1174466,0.0447445,0.556999,-0.2782496,-0.1395467,0.7699714,0.05693363,0.1174466,0.0447445,0.05636792,0.1141078,0.03160585,-0.913909,0.3859369,-0.02888925,-0.1224277,0.05636792,0.1141078,0.03160585,0.05867198,0.1167514,0.02371199,-0.9065487,0.367575,-0.06757101,0.1961945,0.08624554,0.1307132,-0.001793013,0.08309349,0.1290467,0.03661016,0.03329089,-0.03213801,-0.3110721,0.9492592,0.08309349,0.1290467,0.03661016,0.07320186,0.1169038,0.04075795,0.5663217,-0.2264429,-0.2366135,0.7563183,0.07320186,0.1169038,0.04075795,0.07015375,0.1125898,0.02923811,-0.9125365,0.3489652,0.0527467,-0.2066838,0.07015375,0.1125898,0.02923811,0.07132757,0.1145398,0.02248065,-0.9207762,0.354986,-0.02798076,0.1592899
right,0.0624052,0.1351049,0.02366951,-0.02015866,0.09394748,0.5423069,-0.2878559,-0.9567888,0.0411603,-0.2991558,0.1306653,0.9452155,-0.04400434,-0.1595489,-0.140247,0.9761857,1,0.8505971,0.06135872,0.1332527,-0.01342993,0.06135872,0.1332527,-0.01342993,-0.2598183,-0.2791036,0.3735173,0.8456243,0.06135872,0.1332527,-0.01342993,0.03268402,0.1311589,0.008149438,-0.1788085,-0.4097369,0.4165329,0.7916082,0.03268402,0.1311589,0.008149438,0.02317552,0.1253528,0.02335982,-0.0004357415,-0.3108526,0.4964596,0.8104927,0.02317552,0.1253528,0.02335982,0.02496078,0.1183862,0.0327716,0.2950785,-0.1250526,0.5745527,0.7531133,0.06608105,0.1417024,-0.009049569,0.04232814,0.1431014,0.03371015,0.01583751,-0.2506759,-0.1177227,0.960756,0.04232814,0.1431014,0.03371015,0.03742082,0.1257486,0.04330283,0.4919717,-0.1521452,0.02085042,0.8569603,0.03742082,0.1257486,0.04330283,0.04009306,0.1165748,0.0339756,-0.9192476,0.06515055,-0.1346616,-0.3641503,0.04009306,0.1165748,0.0339756,0.04321963,0.1168541,0.02505387,-0.9857263,0.001218497,-0.1676646,0.01518929,0.07237557,0.1417465,-0.004909829,0.05542494,0.1415098,0.03828851,0.0402382,-0.1814865,-0.199273,0.9621506,0.05542494,0.1415098,0.03828851,0.04349849,0.1219086,0.04505314,0.5383403,-0.2622848,-0.07457381,0.7973927,0.04349849,0.1219086,0.04505314,0.04554988,0.1146681,0.02896606,-0.9397417,0.2641593,-0.1134634,-0.1850177,0.04554988,0.1146681,0.02896606,0.04958202,0.1177212,0.01963773,-0.9458491,0.2119474,-0.1588154,0.1876848,0.08022968,0.1378752,-0.001139674,0.07081588,0.1359919,0.03940362,0.04884725,-0.1052062,-0.2334253,0.9654316,0.07081588,0.1359919,0.03940362,0.05693363,0.1174466,0.0447445,0.556999,-0.2782496,-0.1395467,0.7699714,0.05693363,0.1174466,0.0447445,0.05636792,0.1141078,0.03160585,-0.913909,0.3859369,-0.02888925,-0.1224277,0.05636792,0.1141078,0.03160585,0.05867198,0.1167514,0.02371199,-0.9065487,0.367575,-0.06757101,0.1961945,0.08624554,0.1307132,-0.001793013,0.08309349,0.1290467,0.03661016,0.03329089,-0.03213801,-0.3110721,0.9492592,0.08309349,0.1290467,0.03661016,0.07320186,0.1169038,0.04075795,0.5663217,-0.2264429,-0.2366135,0.7563183,0.07320186,0.1169038,0.04075795,0.07015375,0.1125898,0.02923811,-0.9125365,0.3489652,0.0527467,-0.2066838,0.07015375,0.1125898,0.02923811,0.07132757,0.1145398,0.02248065,-0.9207762,0.354986,-0.02798076,0.1592899
right,0.0619624,0.1356804,0.02761437,-0.05121437,0.06656305,0.456264,-0.2775272,-0.9602731,0.02922491,-0.2987837,0.1151825,0.9473444,-0.03693928,-0.1579979,-0.1360107,0.9773297,1,0.8348729,0.06088383,0.1342754,-0.00956507,0.06088383,0.1342754,-0.00956507,-0.2524941,-0.2821541,0.3764528,0.8455288,0.06088383,0.1342754,-0.00956507,0.03266278,0.132193,0.01201028,-0.1764994,-0.4070526,0.4160597,0.7937571,0.03266278,0.132193,0.01201028,0.02308945,0.1265173,0.02712601,-0.003355677,-0.312012,0.4932721,0.8119851,0.02308945,0.1265173,0.02712601,0.02473938,0.1196308,0.03652883,0.2906278,-0.1270215,0.5718194,0.7565868,0.06560364,0.1427578,-0.005141103,0.04188781,0.1433481,0.03772558,0.02330838,-0.248961,-0.1142145,0.9614729,0.04188781,0.1433481,0.03772558,0.03722947,0.1255967,0.04692141,0.5038784,-0.1487215,0.0258376,0.8504827,0.03722947,0.1255967,0.04692141,0.04010011,0.1166804,0.03748526,-0.9228541,0.05648233,-0.1386934,-0.3548439,0.04010011,0.1166804,0.03748526,0.04332461,0.1172571,0.02862306,-0.9843116,-0.01090948,-0.1736832,0.02908325,0.0718813,0.1427921,-0.0009350533,0.05499391,0.1418124,0.04233779,0.04727398,-0.179113,-0.1953273,0.9630841,0.05499391,0.1418124,0.04233779,0.04330865,0.1220336,0.04877817,0.5458638,-0.2589637,-0.07214156,0.793578,0.04330865,0.1220336,0.04877817,0.045532,0.1153136,0.03259687,-0.9436594,0.2599951,-0.11362,-0.170294,0.045532,0.1153136,0.03259687,0.04963341,0.1184332,0.02333929,-0.9453031,0.2080449,-0.1626006,0.1915214,0.07973149,0.1389559,0.002831641,0.07040229,0.1364432,0.04341212,0.05546508,-0.1025649,-0.2289735,0.9664239,0.07040229,0.1364432,0.04341212,0.05688126,0.1177955,0.0486211,0.5622112,-0.2713501,-0.1380834,0.7689088,0.05688126,0.1177955,0.0486211,0.0564037,0.1147051,0.0354391,-0.9184132,0.3781741,-0.02731481,-0.1129401,0.0564037,0.1147051,0.0354391,0.05872895,0.1173886,0.02754024,-0.9091135,0.3599344,-0.06932779,0.1978727,0.08577376,0.131857,0.002086731,0.08270722,0.1296563,0.04051675,0.03934379,-0.02909316,-0.3062161,0.9507036,0.08270722,0.1296563,0.04051675,0.07310781,0.1174494,0.04455162,0.571479,-0.2183459,-0.2348479,0.7553697,0.07310781,0.1174494,0.04455162,0.0701095,0.1132163,0.03303433,-0.917052,0.3389814,0.05444018,-0.2028387,0.0701095,0.1132163,0.03303433,0.07118528,0.1151477,0.02627382,-0.9249679,0.3459321,-0.02356484,0.1555958
right,0.0619624,0.1356804,0.02761437,-0.05121437,0.06656305,0.456264,-0.2775272,-0.9602731,0.02922491,-0.2987837,0.1151825,0.9473444,-0.03693928,-0.1579979,-0.1360107,0.9773297,1,0.8348729,0.06088383,0.1342754,-0.00956507,0.06088383,0.1342754,-0.00956507,-0.2524941,-0.2821541,0.3764528,0.8455288,0.06088383,0.1342754,-0.00956507,0.03266278,0.132193,0.01201028,-0.1764994,-0.4070526,0.4160597,0.7937571,0.03266278,0.132193,0.01201028,0.02308945,0.1265173,0.02712601,-0.003355677,-0.312012,0.4932721,0.8119851,0.02308945,0.1265173,0.02712601,0.02473938,0.1196308,0.03652883,0.2906278,-0.1270215,0.5718194,0.7565868,0.06560364,0.1427578,-0.005141103,0.04188781,0.1433481,0.03772558,0.02330838,-0.248961,-0.1142145,0.9614729,0.04188781,0.1433481,0.03772558,0.03722947,0.1255967,0.04692141,0.5038784,-0.1487215,0.0258376,0.8504827,0.03722947,0.1255967,0.04692141,0.04010011,0.1166804,0.03748526,-0.9228541,0.05648233,-0.1386934,-0.3548439,0.04010011,0.1166804,0.03748526,0.04332461,0.1172571,0.02862306,-0.9843116,-0.01090948,-0.1736832,0.02908325,0.0718813,0.1427921,-0.0009350533,0.05499391,0.1418124,0.04233779,0.04727398,-0.179113,-0.1953273,0.9630841,0.05499391,0.1418124,0.04233779,0.04330865,0.1220336,0.04877817,0.5458638,-0.2589637,-0.07214156,0.793578,0.04330865,0.1220336,0.04877817,0.045532,0.1153136,0.03259687,-0.9436594,0.2599951,-0.11362,-0.170294,0.045532,0.1153136,0.03259687,0.04963341,0.1184332,0.02333929,-0.9453031,0.2080449,-0.1626006,0.1915214,0.07973149,0.1389559,0.002831641,0.07040229,0.1364432,0.04341212,0.05546508,-0.1025649,-0.2289735,0.9664239,0.07040229,0.1364432,0.04341212,0.05688126,0.1177955,0.0486211,0.5622112,-0.2713501,-0.1380834,0.7689088,0.05688126,0.1177955,0.0486211,0.0564037,0.1147051,0.0354391,-0.9184132,0.3781741,-0.02731481,-0.1129401,0.0564037,0.1147051,0.0354391,0.05872895,0.1173886,0.02754024,-0.9091135,0.3599344,-0.06932779,0.1978727,0.08577376,0.131857,0.002086731,0.08270722,0.1296563,0.04051675,0.03934379,-0.02909316,-0.3062161,0.9507036,0.08270722,0.1296563,0.04051675,0.07310781,0.1174494,0.04455162,0.571479,-0.2183459,-0.2348479,0.7553697,0.07310781,0.1174494,0.04455162,0.0701095,0.1132163,0.03303433,-0.917052,0.3389814,0.05444018,-0.2028387,0.0701095,0.1132163,0.03303433,0.07118528,0.1151477,0.02627382,-0.9249679,0.3459321,-0.02356484,0.1555958
right,0.06159993,0.1364316,0.03102475,-0.04158183,0.08617078,0.3912338,-0.2692882,-0.9627981,0.02244198,-0.2981802,0.1055114,0.9486601,-0.03270255,-0.1568455,-0.1324065,0.9781608,1,0.8139181,0.06051097,0.1352847,-0.006183602,0.06051097,0.1352847,-0.006183602,-0.2478027,-0.283952,0.3791957,0.8450892,0.06051097,0.1352847,-0.006183602,0.03268724,0.1335852,0.0154468,-0.1790949,-0.4017485,0.4149906,0.7964333,0.03268724,0.1335852,0.0154468,0.02299812,0.1282952,0.03056474,-0.01235303,-0.3099079,0.4884434,0.8156148,0.02299812,0.1282952,0.03056474,0.02440865,0.1216535,0.04002667,0.2786441,-0.1269905,0.5661286,0.7653295,0.06520358,0.1437879,-0.001796092,0.04152178,0.1438541,0.04117155,0.02788998,-0.2476452,-0.1110692,0.9620591,0.04152178,0.1438541,0.04117155,0.03691469,0.1259276,0.05028779,0.5069956,-0.1484348,0.02823278,0.8486021,0.03691469,0.1259276,0.05028779,0.03993127,0.1170447,0.04088327,-0.9227049,0.05107073,-0.1426777,-0.3544723,0.03993127,0.1170447,0.04088327,0.04333846,0.1176335,0.03203354,-0.9824997,-0.02024139,-0.183068,0.0277637,0.07147145,0.1438602,0.002464821,0.05464145,0.1424095,0.04581643,0.05149747,-0.17739,-0.1919308,0.963869,0.05464145,0.1424095,0.04581643,0.04308771,0.1226142,0.05232066,0.5458344,-0.2560606,-0.07145113,0.7946021,0.04308771,0.1226142,0.05232066,0.04536354,0.1159599,0.03630646,-0.9451038,0.2541246,-0.1146682,-0.170443,0.04536354,0.1159599,0.03630646,0.04951487,0.1190298,0.02704756,-0.9465994,0.2015969,-0.1667039,0.1884625,0.07931726,0.1400431,0.006235467,0.07006432,0.1371421,0.04686739,0.0593473,-0.100679,-0.2252812,0.967259,0.07006432,0.1371421,0.04686739,0.05669135,0.1185446,0.05230257,0.5593414,-0.2677752,-0.1380718,0.7722499,0.05669135,0.1185446,0.05230257,0.05623582,0.115391,0.03927805,-0.9203061,0.372444,-0.02857371,-0.1162134,0.05623582,0.115391,0.03927805,0.05861329,0.1178691,0.03129417,-0.913233,0.354002,-0.07759659,0.1861902,0.08538839,0.1329786,0.005435572,0.08240038,0.1304597,0.04390644,0.04279112,-0.02699973,-0.3023002,0.951869,0.08240038,0.1304597,0.04390644,0.07298326,0.1182485,0.04799182,0.5713477,-0.2133416,-0.2338614,0.7572027,0.07298326,0.1182485,0.04799182,0.06994717,0.1140185,0.03660634,-0.9179253,0.3348422,0.05733078,-0.2049562,0.06994717,0.1140185,0.03660634,0.07092839,0.1158909,0.02981527,-0.9271457,0.3432283,-0.01920786,0.1490844
right,0.06159993,0.1364316,0.03102475,-0.04158183,0.08617078,0.3912338,-0.2692882,-0.9627981,0.02244198,-0.2981802,0.1055114,0.9486601,-0.03270255,-0.1568455,-0.1324065,0.9781608,1,0.8139181,0.06051097,0.1352847,-0.006183602,0.06051097,0.1352847,-0.006183602,-0.2478027,-0.283952,0.3791957,0.8450892,0.06051097,0.1352847,-0.006183602,0.03268724,0.1335852,0.0154468,-0.1790949,-0.4017485,0.4149906,0.7964333,0.03268724,0.1335852,0.0154468,0.02299812,0.1282952,0.03056474,-0.01235303,-0.3099079,0.4884434,0.8156148,0.02299812,0.1282952,0.03056474,0.02440865,0.1216535,0.04002667,0.2786441,-0.1269905,0.5661286,0.7653295,0.06520358,0.1437879,-0.001796092,0.04152178,0.1438541,0.04117155,0.02788998,-0.2476452,-0.1110692,0.9620591,0.04152178,0.1438541,0.04117155,0.03691469,0.1259276,0.05028779,0.5069956,-0.1484348,0.02823278,0.8486021,0.03691469,0.1259276,0.05028779,0.03993127,0.1170447,0.04088327,-0.9227049,0.05107073,-0.1426777,-0.3544723,0.03993127,0.1170447,0.04088327,0.04333846,0.1176335,0.03203354,-0.9824997,-0.02024139,-0.183068,0.0277637,0.07147145,0.1438602,0.002464821,0.05464145,0.1424095,0.04581643,0.05149747,-0.17739,-0.1919308,0.963869,0.05464145,0.1424095,0.04581643,0.04308771,0.1226142,0.05232066,0.5458344,-0.2560606,-0.07145113,0.7946021,0.04308771,0.1226142,0.05232066,0.04536354,0.1159599,0.03630646,-0.9451038,0.2541246,-0.1146682,-0.170443,0.04536354,0.1159599,0.03630646,0.04951487,0.1190298,0.02704756,-0.9465994,0.2015969,-0.1667039,0.1884625,0.07931726,0.1400431,0.006235467,0.07006432,0.1371421,0.04686739,0.0593473,-0.100679,-0.2252812,0.967259,0.07006432,0.1371421,0.04686739,0.05669135,0.1185446,0.05230257,0.5593414,-0.2677752,-0.1380718,0.7722499,0.05669135,0.1185446,0.05230257,0.05623582,0.115391,0.03927805,-0.9203061,0.372444,-0.02857371,-0.1162134,0.05623582,0.115391,0.03927805,0.05861329,0.1178691,0.03129417,-0.913233,0.354002,-0.07759659,0.1861902,0.08538839,0.1329786,0.005435572,0.08240038,0.1304597,0.04390644,0.04279112,-0.02699973,-0.3023002,0.951869,0.08240038,0.1304597,0.04390644,0.07298326,0.1182485,0.04799182,0.5713477,-0.2133416,-0.2338614,0.7572027,0.07298326,0.1182485,0.04799182,0.06994717,0.1140185,0.03660634,-0.9179253,0.3348422,0.05733078,-0.2049562,0.06994717,0.1140185,0.03660634,0.07092839,0.1158909,0.02981527,-0.9271457,0.3432283,-0.01920786,0.1490844
right,0.06145173,0.1372099,0.03411803,-0.01691681,0.08884107,0.3530739,-0.26528,-0.9640345,0.01624945,-0.2958127,0.09741818,0.9502655,-0.02903325,-0.1549978,-0.1309192,0.9787712,1,0.7968686,0.06030596,0.1363149,-0.003141413,0.06030596,0.1363149,-0.003141413,-0.2436025,-0.2845915,0.3802603,0.8456168,0.06030596,0.1363149,-0.003141413,0.03259353,0.134752,0.01855327,-0.179464,-0.3998538,0.41364,0.7980047,0.03259353,0.134752,0.01855327,0.02285591,0.1295461,0.03367214,-0.01418123,-0.309871,0.4860744,0.8170132,0.02285591,0.1295461,0.03367214,0.02421266,0.1228999,0.04316127,0.2772538,-0.1279541,0.5638887,0.767325,0.06498022,0.1448305,0.00125072,0.04140321,0.1444881,0.04432655,0.03171788,-0.2457732,-0.1100327,0.9625395,0.04140321,0.1444881,0.04432655,0.03680955,0.1263901,0.05329596,0.5112989,-0.1485674,0.02895164,0.8459687,0.03680955,0.1263901,0.05329596,0.03991374,0.1175431,0.04385538,-0.9232628,0.04852697,-0.1448752,-0.3524799,0.03991374,0.1175431,0.04385538,0.04345854,0.1181766,0.03501981,-0.9810046,-0.02555121,-0.1901124,0.02888604,0.07125805,0.1448973,0.005553412,0.05454645,0.1430621,0.04898254,0.05506908,-0.1751749,-0.19067,0.9643267,0.05454645,0.1430621,0.04898254,0.04307917,0.1231688,0.05547673,0.5477085,-0.2528635,-0.07199527,0.7942871,0.04307917,0.1231688,0.05547673,0.04538202,0.11658,0.03951227,-0.9466797,0.2488503,-0.1144032,-0.1696553,0.04538202,0.11658,0.03951227,0.04956669,0.1196459,0.03027499,-0.947397,0.1959447,-0.1696172,0.1878152,0.07910828,0.1410636,0.009318193,0.06997859,0.1378277,0.04999255,0.06272491,-0.0983228,-0.2237469,0.9676443,0.06997859,0.1378277,0.04999255,0.05670074,0.1191378,0.0555083,0.5599915,-0.2635407,-0.1389402,0.7730792,0.05670074,0.1191378,0.0555083,0.05628041,0.1159741,0.04252499,-0.9231035,0.3652746,-0.02912769,-0.1166448,0.05628041,0.1159741,0.04252499,0.05872144,0.1184163,0.03450939,-0.9161529,0.3462184,-0.08306587,0.1841106,0.08518729,0.1340202,0.008461592,0.08232031,0.1312082,0.04695744,0.04584917,-0.02442189,-0.3005057,0.9523643,0.08232031,0.1312082,0.04695744,0.07305713,0.1188687,0.05107126,0.5735418,-0.2055219,-0.2342345,0.7575914,0.07305713,0.1188687,0.05107126,0.07001897,0.114678,0.03973043,-0.9210978,0.3262541,0.06011805,-0.2037716,0.07001897,0.114678,0.03973043,0.07094332,0.1165903,0.03293135,-0.9298252,0.3356784,-0.01562762,0.1500026
right,0.06152498,0.1382292,0.03673122,0.008555554,0.1190533,0.3052082,-0.265591,-0.9639681,0.01506382,-0.2897884,0.09472495,0.9523917,-0.02802828,-0.1517188,-0.1312645,0.9792678,1,0.7756703,0.06016974,0.1374292,-0.0005715862,0.06016974,0.1374292,-0.0005715862,-0.2412133,-0.2824419,0.380423,0.8469481,0.06016974,0.1374292,-0.0005715862,0.03263613,0.1361549,0.02116768,-0.1815338,-0.3967469,0.4118066,0.8000329,0.03263613,0.1361549,0.02116768,0.0228301,0.1311736,0.03627344,-0.01918658,-0.3089099,0.4823847,0.8194581,0.0228301,0.1311736,0.03627344,0.02398599,0.1245707,0.04579413,0.2713356,-0.1324623,0.5596826,0.7717422,0.06487465,0.1459542,0.003798741,0.04155788,0.1454937,0.04704119,0.03274485,-0.2425885,-0.1107002,0.9632362,0.04155788,0.1454937,0.04704119,0.03698256,0.1272546,0.05590369,0.5149258,-0.1472661,0.02767531,0.8440368,0.03698256,0.1272546,0.05590369,0.04009629,0.1183963,0.04643926,-0.9234615,0.04660952,-0.1442461,-0.3524763,0.04009629,0.1183963,0.04643926,0.04365534,0.1190517,0.03758864,-0.9808317,-0.02785061,-0.1905818,0.02952941,0.07119461,0.1460104,0.008115808,0.05474792,0.1440525,0.0516641,0.05585996,-0.1718705,-0.1913063,0.9647498,0.05474792,0.1440525,0.0516641,0.04333784,0.1241098,0.05816067,0.5492036,-0.249664,-0.07407714,0.7940754,0.04333784,0.1241098,0.05816067,0.0456044,0.1175287,0.04221221,-0.9477847,0.2448715,-0.1127367,-0.1703896,0.0456044,0.1175287,0.04221221,0.04980123,0.1205915,0.03296056,-0.9481931,0.1920647,-0.1707329,0.1867921,0.07905265,0.1421421,0.01185951,0.07017335,0.1387879,0.05259993,0.06343295,-0.09496114,-0.2242939,0.9678072,0.07017335,0.1387879,0.05259993,0.05691517,0.1200422,0.05821455,0.5599887,-0.260086,-0.1414324,0.7737989,0.05691517,0.1200422,0.05821455,0.05646988,0.1168461,0.04524332,-0.9247127,0.3607166,-0.02813943,-0.1183136,0.05646988,0.1168461,0.04524332,0.05895066,0.1192597,0.03717356,-0.9180706,0.34156,-0.08623779,0.1817861,0.08510283,0.1350848,0.01094155,0.08247554,0.1321586,0.04946433,0.04630899,-0.02099147,-0.3008865,0.9523036,0.08247554,0.1321586,0.04946433,0.07320074,0.1198395,0.05364271,0.5723417,-0.2040987,-0.2368283,0.7580772,0.07320074,0.1198395,0.05364271,0.07007443,0.1156347,0.04235505,-0.9201936,0.3267464,0.06332692,-0.2060834,0.07007443,0.1156347,0.04235505,0.07097613,0.117509,0.03553426,-0.9298986,0.336967,-0.01483091,0.1467031
right,0.06152498,0.1382292,0.03673122,0.008555554,0.1190533,0.3052082,-0.265591,-0.9639681,0.01506382,-0.2897884,0.09472495,0.9523917,-0.02802828,-0.1517188,-0.1312645,0.9792678,1,0.7756703,0.06016974,0.1374292,-0.0005715862,0.06016974,0.1374292,-0.0005715862,-0.2412133,-0.2824419,0.380423,0.8469481,0.06016974,0.1374292,-0.0005715862,0.03263613,0.1361549,0.02116768,-0.1815338,-0.3967469,0.4118066,0.8000329,0.03263613,0.1361549,0.02116768,0.0228301,0.1311736,0.03627344,-0.01918658,-0.3089099,0.4823847,0.8194581,0.0228301,0.1311736,0.03627344,0.02398599,0.1245707,0.04579413,0.2713356,-0.1324623,0.5596826,0.7717422,0.06487465,0.1459542,0.003798741,0.04155788,0.1454937,0.04704119,0.03274485,-0.2425885,-0.1107002,0.9632362,0.04155788,0.1454937,0.04704119,0.03698256,0.1272546,0.05590369,0.5149258,-0.1472661,0.02767531,0.8440368,0.03698256,0.1272546,0.05590369,0.04009629,0.1183963,0.04643926,-0.9234615,0.04660952,-0.1442461,-0.3524763,0.04009629,0.1183963,0.04643926,0.04365534,0.1190517,0.03758864,-0.9808317,-0.02785061,-0.1905818,0.02952941,0.07119461,0.1460104,0.008115808,0.05474792,0.1440525,0.0516641,0.05585996,-0.1718705,-0.1913063,0.9647498,0.05474792,0.1440525,0.0516641,0.04333784,0.1241098,0.05816067,0.5492036,-0.249664,-0.07407714,0.7940754,0.04333784,0.1241098,0.05816067,0.0456044,0.1175287,0.04221221,-0.9477847,0.2448715,-0.1127367,-0.1703896,0.0456044,0.1175287,0.04221221,0.04980123,0.1205915,0.03296056,-0.9481931,0.1920647,-0.1707329,0.1867921,0.07905265,0.1421421,0.01185951,0.07017335,0.1387879,0.05259993,0.06343295,-0.09496114,-0.2242939,0.9678072,0.07017335,0.1387879,0.05259993,0.05691517,0.1200422,0.05821455,0.5599887,-0.260086,-0.1414324,0.7737989,0.05691517,0.1200422,0.05821455,0.05646988,0.1168461,0.04524332,-0.9247127,0.3607166,-0.02813943,-0.1183136,0.05646988,0.1168461,0.04524332,0.05895066,0.1192597,0.03717356,-0.9180706,0.34156,-0.08623779,0.1817861,0.08510283,0.1350848,0.01094155,0.08247554,0.1321586,0.04946433,0.04630899,-0.02099147,-0.3008865,0.9523036,0.08247554,0.1321586,0.04946433,0.07320074,0.1198395,0.05364271,0.5723417,-0.2040987,-0.2368283,0.7580772,0.07320074,0.1198395,0.05364271,0.07007443,0.1156347,0.04235505,-0.9201936,0.3267464,0.06332692,-0.2060834,0.07007443,0.1156347,0.04235505,0.07097613,0.117509,0.03553426,-0.9298986,0.336967,-0.01483091,0.1467031
right,0.0615218,0.1392094,0.03901189,-0.0003643556,0.112479,0.2617241,-0.2682558,-0.9632985,0.009740074,-0.2857296,0.08921646,0.9541484,-0.02525767,-0.1492913,-0.1330895,0.97947,1,0.7572038,0.06003652,0.1386556,0.001654305,0.06003652,0.1386556,0.001654305,-0.2380438,-0.2816727,0.3787717,0.848839,0.06003652,0.1386556,0.001654305,0.03257538,0.1374682,0.02343572,-0.1807816,-0.3959574,0.4089479,0.8020582,0.03257538,0.1374682,0.02343572,0.02263359,0.1324727,0.03853374,-0.0195716,-0.3116204,0.4789075,0.8204616,0.02263359,0.1324727,0.03853374,0.02370422,0.1257638,0.04808611,0.2716669,-0.136892,0.5573734,0.7725235,0.0648038,0.1471418,0.006056666,0.0416437,0.1464594,0.04941461,0.03537482,-0.240346,-0.1129251,0.9634472,0.0416437,0.1464594,0.04941461,0.03706715,0.1280196,0.05815958,0.5193246,-0.1457537,0.02555008,0.841668,0.03706715,0.1280196,0.05815958,0.04018305,0.1192024,0.04858064,-0.9250548,0.04523861,-0.1428759,-0.3490179,0.04018305,0.1192024,0.04858064,0.04378207,0.1199678,0.03965261,-0.9805148,-0.02950391,-0.1910978,0.03466842,0.07113881,0.1471706,0.01039214,0.05484992,0.1449686,0.05401872,0.0584337,-0.169391,-0.1933443,0.9646296,0.05484992,0.1449686,0.05401872,0.04338269,0.1249454,0.06043885,0.5515872,-0.248444,-0.07703823,0.7925227,0.04338269,0.1249454,0.06043885,0.04564069,0.1184396,0.0444604,-0.9486469,0.2433901,-0.1116163,-0.1684403,0.04564069,0.1184396,0.0444604,0.04989896,0.1215523,0.03519288,-0.9478052,0.1902959,-0.1727806,0.1886786,0.07897804,0.1432348,0.01411631,0.07024599,0.1396331,0.05489387,0.06605933,-0.09237745,-0.2260962,0.9674622,0.07024599,0.1396331,0.05489387,0.05693231,0.1208005,0.06050481,0.5615474,-0.2578184,-0.1445986,0.7728424,0.05693231,0.1208005,0.06050481,0.05648094,0.1176753,0.04751963,-0.9258997,0.3585397,-0.02666603,-0.1159647,0.05648094,0.1176753,0.04751963,0.05901335,0.1201633,0.03942189,-0.9180736,0.3392154,-0.08742686,0.1855543,0.08499347,0.1361526,0.01313003,0.08250961,0.1329763,0.05166649,0.04883565,-0.01816134,-0.3023869,0.9517602,0.08250961,0.1329763,0.05166649,0.07321186,0.1205925,0.05582028,0.5743912,-0.2013374,-0.2396785,0.7563677,0.07321186,0.1205925,0.05582028,0.07004748,0.116418,0.04456873,-0.9210634,0.3239229,0.06602807,-0.2058071,0.07004748,0.116418,0.04456873,0.07093026,0.1183468,0.03769666,-0.9303218,0.3350517,-0.01244629,0.1486161
right,0.0615218,0.1392094,0.03901189,-0.0003643556,0.112479,0.2617241,-0.2682558,-0.9632985,0.009740074,-0.2857296,0.08921646,0.9541484,-0.02525767,-0.1492913,-0.1330895,0.97947,1,0.7572038,0.06003652,0.1386556,0.001654305,0.06003652,0.1386556,0.001654305,-0.2380438,-0.2816727,0.3787717,0.848839,0.06003652,0.1386556,0.001654305,0.03257538,0.1374682,0.02343572,-0.1807816,-0.3959574,0.4089479,0.8020582,0.03257538,0.1374682,0.02343572,0.02263359,0.1324727,0.03853374,-0.0195716,-0.3116204,0.4789075,0.8204616,0.02263359,0.1324727,0.03853374,0.02370422,0.1257638,0.04808611,0.2716669,-0.136892,0.5573734,0.7725235,0.0648038,0.1471418,0.006056666,0.0416437,0.1464594,0.04941461,0.03537482,-0.240346,-0.1129251,0.9634472,0.0416437,0.1464594,0.04941461,0.03706715,0.1280196,0.05815958,0.5193246,-0.1457537,0.02555008,0.841668,0.03706715,0.1280196,0.05815958,0.04018305,0.1192024,0.04858064,-0.9250548,0.04523861,-0.1428759,-0.3490179,0.04018305,0.1192024,0.04858064,0.04378207,0.1199678,0.03965261,-0.9805148,-0.02950391,-0.1910978,0.03466842,0.07113881,0.1471706,0.01039214,0.05484992,0.1449686,0.05401872,0.0584337,-0.169391,-0.1933443,0.9646296,0.05484992,0.1449686,0.05401872,0.04338269,0.1249454,0.06043885,0.5515872,-0.248444,-0.07703823,0.7925227,0.04338269,0.1249454,0.06043885,0.04564069,0.1184396,0.0444604,-0.9486469,0.2433901,-0.1116163,-0.1684403,0.04564069,0.1184396,0.0444604,0.04989896,0.1215523,0.03519288,-0.9478052,0.1902959,-0.1727806,0.1886786,0.07897804,0.1432348,0.01411631,0.07024599,0.1396331,0.05489387,0.06605933,-0.09237745,-0.2260962,0.9674622,0.07024599,0.1396331,0.05489387,0.05693231,0.1208005,0.06050481,0.5615474,-0.2578184,-0.1445986,0.7728424,0.05693231,0.1208005,0.06050481,0.05648094,0.1176753,0.04751963,-0.9258997,0.3585397,-0.02666603,-0.1159647,0.05648094,0.1176753,0.04751963,0.05901335,0.1201633,0.03942189,-0.9180736,0.3392154,-0.08742686,0.1855543,0.08499347,0.1361526,0.01313003,0.08250961,0.1329763,0.05166649,0.04883565,-0.01816134,-0.3023869,0.9517602,0.08250961,0.1329763,0.05166649,0.07321186,0.1205925,0.05582028,0.5743912,-0.2013374,-0.2396785,0.7563677,0.07321186,0.1205925,0.05582028,0.07004748,0.116418,0.04456873,-0.9210634,0.3239229,0.06602807,-0.2058071,0.07004748,0.116418,0.04456873,0.07093026,0.1183468,0.03769666,-0.9303218,0.3350517,-0.01244629,0.1486161
right,0.0615719,0.1403459,0.04090508,0.00579277,0.1314227,0.2189161,-0.2710863,-0.9625345,0.006281615,-0.2805899,0.08526396,0.9560332,-0.0233604,-0.1464162,-0.1348592,0.9797089,1,0.7382444,0.05989366,0.139979,0.00349398,0.05989366,0.139979,0.00349398,-0.2353628,-0.2800984,0.3774039,0.8507147,0.05989366,0.139979,0.00349398,0.03250388,0.1389911,0.02526161,-0.1818902,-0.3949057,0.4059753,0.8038343,0.03250388,0.1389911,0.02526161,0.02240722,0.1340796,0.04033743,-0.02243743,-0.3138322,0.4750365,0.8217946,0.02240722,0.1340796,0.04033743,0.02340042,0.1272911,0.04995768,0.2708672,-0.1398138,0.5547597,0.7741607,0.0647463,0.1484273,0.007916918,0.04179502,0.1475952,0.05140917,0.03714714,-0.2376522,-0.1150547,0.9637966,0.04179502,0.1475952,0.05140917,0.03720248,0.1290539,0.06008295,0.5219334,-0.1444184,0.0228122,0.8403621,0.03720248,0.1290539,0.06008295,0.04029467,0.1202246,0.05046957,-0.9254152,0.04404068,-0.1411537,-0.3489166,0.04029467,0.1202246,0.05046957,0.04392567,0.121028,0.04150027,-0.9802551,-0.03120639,-0.1918938,0.03609574,0.07110613,0.1484401,0.01226164,0.05502596,0.1460659,0.05597983,0.06010918,-0.1665272,-0.1953557,0.96462,0.05502596,0.1460659,0.05597983,0.04343317,0.1260287,0.06234966,0.5526016,-0.2489569,-0.08037454,0.7913229,0.04343317,0.1260287,0.06234966,0.04566438,0.1195501,0.04636343,-0.9486281,0.2442725,-0.1108219,-0.1677923,0.04566438,0.1195501,0.04636343,0.04995672,0.1226956,0.03707973,-0.9472557,0.1910396,-0.1733871,0.190125,0.0789289,0.1444441,0.01596414,0.07039025,0.1406615,0.05678635,0.06777304,-0.08943612,-0.2279377,0.9671879,0.07039025,0.1406615,0.05678635,0.05695707,0.1218577,0.06239381,0.5616627,-0.2581301,-0.1480868,0.7719936,0.05695707,0.1218577,0.06239381,0.05649853,0.118786,0.04938871,-0.9256498,0.3598576,-0.02581561,-0.1140545,0.05649853,0.118786,0.04938871,0.05909121,0.1213154,0.0412471,-0.9170659,0.3403236,-0.08895089,0.1877708,0.08490115,0.1373325,0.01491653,0.08260334,0.1339682,0.05346681,0.05042583,-0.01504342,-0.3039741,0.9512259,0.08260334,0.1339682,0.05346681,0.0732681,0.1216031,0.05764069,0.5743079,-0.2002692,-0.2430102,0.7556512,0.0732681,0.1216031,0.05764069,0.07004137,0.1174327,0.0464105,-0.9207218,0.3238268,0.06855562,-0.2066584,0.07004137,0.1174327,0.0464105,0.07089658,0.1193778,0.03948724,-0.9301397,0.3359079,-0.01003047,0.1480046
right,0.0615719,0.1403459,0.04090508,0.00579277,0.1314227,0.2189161,-0.2710863,-0.9625345,0.006281615,-0.2805899,0.08526396,0.9560332,-0.0233604,-0.1464162,-0.1348592,0.9797089,1,0.7382444,0.05989366,0.139979,0.00349398,0.05989366,0.139979,0.00349398,-0.2353628,-0.2800984,0.3774039,0.8507147,0.05989366,0.139979,0.00349398,0.03250388,0.1389911,0.02526161,-0.1818902,-0.3949057,0.4059753,0.8038343,0.03250388,0.1389911,0.02526161,0.02240722,0.1340796,0.04033743,-0.02243743,-0.3138322,0.4750365,0.8217946,0.02240722,0.1340796,0.04033743,0.02340042,0.1272911,0.04995768,0.2708672,-0.1398138,0.5547597,0.7741607,0.0647463,0.1484273,0.007916918,0.04179502,0.1475952,0.05140917,0.03714714,-0.2376522,-0.1150547,0.9637966,0.04179502,0.1475952,0.05140917,0.03720248,0.1290539,0.06008295,0.5219334,-0.1444184,0.0228122,0.8403621,0.03720248,0.1290539,0.06008295,0.04029467,0.1202246,0.05046957,-0.9254152,0.04404068,-0.1411537,-0.3489166,0.04029467,0.1202246,0.05046957,0.04392567,0.121028,0.04150027,-0.9802551,-0.03120639,-0.1918938,0.03609574,0.07110613,0.1484401,0.01226164,0.05502596,0.1460659,0.05597983,0.06010918,-0.1665272,-0.1953557,0.96462,0.05502596,0.1460659,0.05597983,0.04343317,0.1260287,0.06234966,0.5526016,-0.2489569,-0.08037454,0.7913229,0.04343317,0.1260287,0.06234966,0.04566438,0.1195501,0.04636343,-0.9486281,0.2442725,-0.1108219,-0.1677923,0.04566438,0.1195501,0.04636343,0.04995672,0.1226956,0.03707973,-0.9472557,0.1910396,-0.1733871,0.190125,0.0789289,0.1444441,0.01596414,0.07039025,0.1406615,0.05678635,0.06777304,-0.08943612,-0.2279377,0.9671879,0.07039025,0.1406615,0.05678635,0.05695707,0.1218577,0.06239381,0.5616627,-0.2581301,-0.1480868,0.7719936,0.05695707,0.1218577,0.06239381,0.05649853,0.118786,0.04938871,-0.9256498,0.3598576,-0.02581561,-0.1140545,0.05649853,0.118786,0.04938871,0.05909121,0.1213154,0.0412471,-0.9170659,0.3403236,-0.08895089,0.1877708,0.08490115,0.1373325,0.01491653,0.08260334,0.1339682,0.05346681,0.05042583,-0.01504342,-0.3039741,0.9512259,0.08260334,0.1339682,0.05346681,0.0732681,0.1216031,0.05764069,0.5743079,-0.2002692,-0.2430102,0.7556512,0.0732681,0.1216031,0.05764069,0.07004137,0.1174327,0.0464105,-0.9207218,0.3238268,0.06855562,-0.2066584,0.07004137,0.1174327,0.0464105,0.07089658,0.1193778,0.03948724,-0.9301397,0.3359079,-0.01003047,0.1480046
right,0.06147702,0.1412001,0.0425265,-0.01089202,0.09805647,0.1861356,-0.2753615,-0.9613407,6.265441E-05,-0.2770137,0.07940879,0.9575791,-0.02027891,-0.1442194,-0.1375442,0.9797301,1,0.7171537,0.0596551,0.1411189,0.005051017,0.0596551,0.1411189,0.005051017,-0.2321962,-0.2795441,0.3748606,0.8528889,0.0596551,0.1411189,0.005051017,0.03226082,0.1402982,0.02675442,-0.1826006,-0.3952822,0.4018279,0.8055701,0.03226082,0.1402982,0.02675442,0.0220526,0.1353457,0.04182186,-0.02174971,-0.3163977,0.471501,0.8228647,0.0220526,0.1353457,0.04182186,0.02301375,0.1284136,0.05153064,0.2722873,-0.1423114,0.5524512,0.7748579,0.06461217,0.1494993,0.009531058,0.04179504,0.1484459,0.05310767,0.03999893,-0.2356893,-0.1181442,0.9637907,0.04179504,0.1484459,0.05310767,0.03725636,0.1297229,0.06164143,0.5268205,-0.1412703,0.02025458,0.8379097,0.03725636,0.1297229,0.06164143,0.04033098,0.1209587,0.05186581,-0.9277543,0.04186747,-0.1384109,-0.3440371,0.04033098,0.1209587,0.05186581,0.04399102,0.1219016,0.04275607,-0.9801796,-0.03281488,-0.1907211,0.04238585,0.07098087,0.1494869,0.01389855,0.05503091,0.1468588,0.05766659,0.06298755,-0.164317,-0.1982209,0.9642308,0.05503091,0.1468588,0.05766659,0.04334267,0.1267601,0.06385545,0.5561692,-0.2491219,-0.08357726,0.7884345,0.04334267,0.1267601,0.06385545,0.04553645,0.1203905,0.04775895,-0.9490142,0.246182,-0.1088063,-0.1640966,0.04553645,0.1203905,0.04775895,0.04987432,0.1236206,0.0384079,-0.9462551,0.1934475,-0.1726683,0.1933004,0.0787858,0.1454045,0.01758878,0.0703638,0.1413556,0.05842409,0.07077794,-0.08711872,-0.2305352,0.9665684,0.0703638,0.1413556,0.05842409,0.0567955,0.1224987,0.0638398,0.5652555,-0.2587821,-0.1513013,0.768522,0.0567955,0.1224987,0.0638398,0.05634086,0.1195612,0.05071131,-0.9255811,0.3618788,-0.0241532,-0.1084432,0.05634086,0.1195612,0.05071131,0.05902281,0.1222062,0.04251374,-0.9150206,0.3421515,-0.0899606,0.1938474,0.08472024,0.1382556,0.01648103,0.08253536,0.1346142,0.05502577,0.05340993,-0.01243293,-0.3062302,0.9503767,0.08253536,0.1346142,0.05502577,0.07308964,0.1222446,0.05905809,0.577839,-0.201742,-0.2459595,0.7516025,0.07308964,0.1222446,0.05905809,0.06977589,0.1181378,0.0477299,-0.9198414,0.3273063,0.07151959,-0.2040766,0.06977589,0.1181378,0.0477299,0.07067877,0.1201671,0.04072381,-0.927996,0.3397752,-0.01033664,0.152543
right,0.06119667,0.1422576,0.04375638,-0.03228742,0.1217846,0.1416425,-0.2753555,-0.9613258,-0.005665237,-0.2758301,0.07335887,0.9584029,-0.01727092,-0.143179,-0.1379813,0.9798789,1,0.6952658,0.05932065,0.1424128,0.006229773,0.05932065,0.1424128,0.006229773,-0.22927,-0.2801998,0.3741241,0.8537883,0.05932065,0.1424128,0.006229773,0.03193295,0.1417343,0.02784892,-0.1838003,-0.3955729,0.3992734,0.8064244,0.03193295,0.1417343,0.02784892,0.02155347,0.1368903,0.04285597,-0.02560837,-0.3191969,0.4680017,0.8236699,0.02155347,0.1368903,0.04285597,0.02233874,0.1299471,0.05263633,0.2674151,-0.1471456,0.5499379,0.7774353,0.06431798,0.1507589,0.01077101,0.04154778,0.1494297,0.05438163,0.04296875,-0.2347193,-0.1189074,0.9638058,0.04154778,0.1494297,0.05438163,0.03703146,0.1305089,0.06282371,0.5304248,-0.1399753,0.01981343,0.8358611,0.03703146,0.1305089,0.06282371,0.04011157,0.1217941,0.05299175,-0.928785,0.04066203,-0.137831,-0.341625,0.04011157,0.1217941,0.05299175,0.04381276,0.122901,0.0438158,-0.9795927,-0.03496904,-0.1915315,0.04990904,0.07068945,0.1507398,0.01516109,0.05478877,0.1478344,0.05894474,0.06590879,-0.1630942,-0.1987727,0.9641295,0.05478877,0.1478344,0.05894474,0.04297831,0.1276789,0.06490794,0.5594198,-0.2517594,-0.08446024,0.7851963,0.04297831,0.1276789,0.06490794,0.04516686,0.1214355,0.04874938,-0.9486029,0.2507396,-0.1083177,-0.1598422,0.04516686,0.1214355,0.04874938,0.04959579,0.1247674,0.03939107,-0.9440358,0.1975085,-0.1741061,0.1986801,0.0784871,0.1466167,0.01884307,0.07011305,0.1423086,0.05967488,0.07368617,-0.08579285,-0.2308479,0.966395,0.07011305,0.1423086,0.05967488,0.05641055,0.1234248,0.06491026,0.5677135,-0.2612044,-0.1524156,0.7656652,0.05641055,0.1234248,0.06491026,0.05599364,0.1205959,0.05170838,-0.9248869,0.3650379,-0.02422574,-0.103656,0.05599364,0.1205959,0.05170838,0.05877814,0.1233283,0.0434887,-0.9126511,0.3446338,-0.09236372,0.1994103,0.08441009,0.139467,0.01768868,0.08227223,0.1355811,0.05622412,0.05621998,-0.01087863,-0.3062962,0.9502124,0.08227223,0.1355811,0.05622412,0.07269137,0.1232118,0.06012014,0.580417,-0.2056673,-0.2467316,0.7482918,0.07269137,0.1232118,0.06012014,0.06934647,0.119136,0.04870163,-0.9185771,0.3318991,0.0716708,-0.2022929,0.06934647,0.119136,0.04870163,0.07028902,0.1211949,0.0416526,-0.9260689,0.344147,-0.01136815,0.1543698
right,0.06119667,0.1422576,0.04375638,-0.03228742,0.1217846,0.1416425,-0.2753555,-0.9613258,-0.005665237,-0.2758301,0.07335887,0.9584029,-0.01727092,-0.143179,-0.1379813,0.9798789,1,0.6952658,0.05932065,0.1424128,0.006229773,0.05932065,0.1424128,0.006229773,-0.22927,-0.2801998,0.3741241,0.8537883,0.05932065,0.1424128,0.006229773,0.03193295,0.1417343,0.02784892,-0.1838003,-0.3955729,0.3992734,0.8064244,0.03193295,0.1417343,0.02784892,0.02155347,0.1368903,0.04285597,-0.02560837,-0.3191969,0.4680017,0.8236699,0.02155347,0.1368903,0.04285597,0.02233874,0.1299471,0.05263633,0.2674151,-0.1471456,0.5499379,0.7774353,0.06431798,0.1507589,0.01077101,0.04154778,0.1494297,0.05438163,0.04296875,-0.2347193,-0.1189074,0.9638058,0.04154778,0.1494297,0.05438163,0.03703146,0.1305089,0.06282371,0.5304248,-0.1399753,0.01981343,0.8358611,0.03703146,0.1305089,0.06282371,0.04011157,0.1217941,0.05299175,-0.928785,0.04066203,-0.137831,-0.341625,0.04011157,0.1217941,0.05299175,0.04381276,0.122901,0.0438158,-0.9795927,-0.03496904,-0.1915315,0.04990904,0.07068945,0.1507398,0.01516109,0.05478877,0.1478344,0.05894474,0.06590879,-0.1630942,-0.1987727,0.9641295,0.05478877,0.1478344,0.05894474,0.04297831,0.1276789,0.06490794,0.5594198,-0.2517594,-0.08446024,0.7851963,0.04297831,0.1276789,0.06490794,0.04516686,0.1214355,0.04874938,-0.9486029,0.2507396,-0.1083177,-0.1598422,0.04516686,0.1214355,0.04874938,0.04959579,0.1247674,0.03939107,-0.9440358,0.1975085,-0.1741061,0.1986801,0.0784871,0.1466167,0.01884307,0.07011305,0.1423086,0.05967488,0.07368617,-0.08579285,-0.2308479,0.966395,0.07011305,0.1423086,0.05967488,0.05641055,0.1234248,0.06491026,0.5677135,-0.2612044,-0.1524156,0.7656652,0.05641055,0.1234248,0.06491026,0.05599364,0.1205959,0.05170838,-0.9248869,0.3650379,-0.02422574,-0.103656,0.05599364,0.1205959,0.05170838,0.05877814,0.1233283,0.0434887,-0.9126511,0.3446338,-0.09236372,0.1994103,0.08441009,0.139467,0.01768868,0.08227223,0.1355811,0.05622412,0.05621998,-0.01087863,-0.3062962,0.9502124,0.08227223,0.1355811,0.05622412,0.07269137,0.1232118,0.06012014,0.580417,-0.2056673,-0.2467316,0.7482918,0.07269137,0.1232118,0.06012014,0.06934647,0.119136,0.04870163,-0.9185771,0.3318991,0.0716708,-0.2022929,0.06934647,0.119136,0.04870163,0.07028902,0.1211949,0.0416526,-0.9260689,0.344147,-0.01136815,0.1543698
right,0.06077582,0.1431772,0.04483905,-0.04879965,0.1066312,0.1255409,-0.2751588,-0.9613575,-0.008907325,-0.2748831,0.06979182,0.9589413,-0.01553184,-0.1424364,-0.1381304,0.9799952,1,0.6828792,0.05885812,0.143461,0.007276953,0.05885812,0.143461,0.007276953,-0.2274897,-0.2804797,0.3738163,0.8543073,0.05885812,0.143461,0.007276953,0.03148835,0.1428824,0.02885503,-0.1846503,-0.3954576,0.3978036,0.8070129,0.03148835,0.1428824,0.02885503,0.02102057,0.13811,0.04385618,-0.02782458,-0.3201049,0.4659781,0.8243926,0.02102057,0.13811,0.04385618,0.02172541,0.1311685,0.05369169,0.2647046,-0.1487372,0.5482605,0.7792427,0.06388319,0.1517986,0.01185276,0.04115215,0.1503047,0.05549047,0.0446976,-0.234013,-0.119256,0.9638558,0.04115215,0.1503047,0.05549047,0.03661532,0.131272,0.06386936,0.5324697,-0.1401628,0.01952217,0.8345354,0.03661532,0.131272,0.06386936,0.03969602,0.1225706,0.05399593,-0.9292703,0.04122316,-0.1377316,-0.3402754,0.03969602,0.1225706,0.05399593,0.04343125,0.1237796,0.04476306,-0.9792368,-0.03498608,-0.1920492,0.05466535,0.07025553,0.1517772,0.01626152,0.05439601,0.1487075,0.06005963,0.0675905,-0.1622393,-0.1990016,0.9641101,0.05439601,0.1487075,0.06005963,0.04243334,0.1285056,0.06586649,0.5611976,-0.2549689,-0.08502055,0.7828279,0.04243334,0.1285056,0.06586649,0.04462171,0.1223413,0.04967887,-0.9477804,0.2555276,-0.1084571,-0.157019,0.04462171,0.1223413,0.04967887,0.04915188,0.1257656,0.04032834,-0.9417088,0.2013569,-0.1762696,0.2038847,0.07804902,0.1476284,0.0199368,0.06971509,0.1431681,0.06076976,0.07534771,-0.08487741,-0.230939,0.9663259,0.06971509,0.1431681,0.06076976,0.05592264,0.1242123,0.06584229,0.5703561,-0.2625844,-0.1527614,0.7631562,0.05592264,0.1242123,0.06584229,0.05553681,0.1214658,0.05256957,-0.9247012,0.3665468,-0.02422272,-0.09992147,0.05553681,0.1214658,0.05256957,0.05841403,0.1242949,0.0443299,-0.9108672,0.3454944,-0.09436688,0.2050599,0.08396587,0.1404732,0.01875572,0.08186707,0.136445,0.05728712,0.05780613,-0.009835244,-0.306243,0.9501458,0.08186707,0.136445,0.05728712,0.07218268,0.1240426,0.06104297,0.5834978,-0.2084428,-0.2467958,0.7450998,0.07218268,0.1240426,0.06104297,0.06884527,0.1200047,0.04953006,-0.9183502,0.3342682,0.07098772,-0.1996455,0.06884527,0.1200047,0.04953006,0.06983354,0.1221119,0.04245266,-0.9247898,0.3460352,-0.0127194,0.157676
right,0.06077582,0.1431772,0.04483905,-0.04879965,0.1066312,0.1255409,-0.2751588,-0.9613575,-0.008907325,-0.2748831,0.06979182,0.9589413,-0.01553184,-0.1424364,-0.1381304,0.9799952,1,0.6828792,0.05885812,0.143461,0.007276953,0.05885812,0.143461,0.007276953,-0.2274897,-0.2804797,0.3738163,0.8543073,0.05885812,0.143461,0.007276953,0.03148835,0.1428824,0.02885503,-0.1846503,-0.3954576,0.3978036,0.8070129,0.03148835,0.1428824,0.02885503,0.02102057,0.13811,0.04385618,-0.02782458,-0.3201049,0.4659781,0.8243926,0.02102057,0.13811,0.04385618,0.02172541,0.1311685,0.05369169,0.2647046,-0.1487372,0.5482605,0.7792427,0.06388319,0.1517986,0.01185276,0.04115215,0.1503047,0.05549047,0.0446976,-0.234013,-0.119256,0.9638558,0.04115215,0.1503047,0.05549047,0.03661532,0.131272,0.06386936,0.5324697,-0.1401628,0.01952217,0.8345354,0.03661532,0.131272,0.06386936,0.03969602,0.1225706,0.05399593,-0.9292703,0.04122316,-0.1377316,-0.3402754,0.03969602,0.1225706,0.05399593,0.04343125,0.1237796,0.04476306,-0.9792368,-0.03498608,-0.1920492,0.05466535,0.07025553,0.1517772,0.01626152,0.05439601,0.1487075,0.06005963,0.0675905,-0.1622393,-0.1990016,0.9641101,0.05439601,0.1487075,0.06005963,0.04243334,0.1285056,0.06586649,0.5611976,-0.2549689,-0.08502055,0.7828279,0.04243334,0.1285056,0.06586649,0.04462171,0.1223413,0.04967887,-0.9477804,0.2555276,-0.1084571,-0.157019,0.04462171,0.1223413,0.04967887,0.04915188,0.1257656,0.04032834,-0.9417088,0.2013569,-0.1762696,0.2038847,0.07804902,0.1476284,0.0199368,0.06971509,0.1431681,0.06076976,0.07534771,-0.08487741,-0.230939,0.9663259,0.06971509,0.1431681,0.06076976,0.05592264,0.1242123,0.06584229,0.5703561,-0.2625844,-0.1527614,0.7631562,0.05592264,0.1242123,0.06584229,0.05553681,0.1214658,0.05256957,-0.9247012,0.3665468,-0.02422272,-0.09992147,0.05553681,0.1214658,0.05256957,0.05841403,0.1242949,0.0443299,-0.9108672,0.3454944,-0.09436688,0.2050599,0.08396587,0.1404732,0.01875572,0.08186707,0.136445,0.05728712,0.05780613,-0.009835244,-0.306243,0.9501458,0.08186707,0.136445,0.05728712,0.07218268,0.1240426,0.06104297,0.5834978,-0.2084428,-0.2467958,0.7450998,0.07218268,0.1240426,0.06104297,0.06884527,0.1200047,0.04953006,-0.9183502,0.3342682,0.07098772,-0.1996455,0.06884527,0.1200047,0.04953006,0.06983354,0.1221119,0.04245266,-0.9247898,0.3460352,-0.0127194,0.157676
right,0.06035033,0.1441777,0.04563445,-0.04929753,0.1159211,0.09215661,-0.2732656,-0.9618835,-0.01030029,-0.2742586,0.06764293,0.9592741,-0.01462523,-0.1419475,-0.1372748,0.9802003,1,0.676851,0.05839816,0.1445137,0.008049463,0.05839816,0.1445137,0.008049463,-0.2263488,-0.2806787,0.3745157,0.8542387,0.05839816,0.1445137,0.008049463,0.0310453,0.1440434,0.02958416,-0.1861442,-0.3950755,0.3973602,0.8070753,0.0310453,0.1440434,0.02958416,0.02055208,0.1393485,0.04458674,-0.02978263,-0.319732,0.4652816,0.8248621,0.02055208,0.1393485,0.04458674,0.0212459,0.1324593,0.05446235,0.2625265,-0.1472488,0.5475011,0.7807946,0.0634238,0.1528574,0.01264333,0.04072962,0.1512454,0.05629802,0.04568862,-0.2334867,-0.1185169,0.9640281,0.04072962,0.1512454,0.05629802,0.03616781,0.1321258,0.06466927,0.5331731,-0.1407585,0.01993458,0.8339761,0.03616781,0.1321258,0.06466927,0.03925185,0.1234254,0.05478959,-0.9292904,0.04203098,-0.138101,-0.3399718,0.03925185,0.1234254,0.05478959,0.04301058,0.1247047,0.0455268,-0.9789534,-0.03478511,-0.192554,0.05799303,0.06979937,0.1528558,0.01706611,0.05398017,0.1496814,0.06087314,0.06847917,-0.1616236,-0.1982111,0.9643136,0.05398017,0.1496814,0.06087314,0.04188574,0.1294466,0.06655627,0.5622014,-0.2583549,-0.08465789,0.7810348,0.04188574,0.1294466,0.06655627,0.04410914,0.123337,0.05037433,-0.9469359,0.2593552,-0.1097519,-0.1549254,0.04410914,0.123337,0.05037433,0.04871445,0.126839,0.04103922,-0.9398442,0.204178,-0.1778366,0.2082747,0.07760066,0.1487042,0.02073726,0.0693077,0.1441589,0.06157077,0.07614911,-0.08422647,-0.2300846,0.9665238,0.0693077,0.1441589,0.06157077,0.05541583,0.1251538,0.06645032,0.5727868,-0.2653919,-0.1520356,0.7605048,0.05541583,0.1251538,0.06645032,0.05508287,0.1224626,0.05312843,-0.9241351,0.3686819,-0.02543112,-0.09695977,0.05508287,0.1224626,0.05312843,0.0580763,0.1253727,0.04488927,-0.9088188,0.3464943,-0.09797259,0.2106928,0.08352972,0.141548,0.01954236,0.08146942,0.137451,0.05807002,0.05848997,-0.009145068,-0.3053347,0.950403,0.08146942,0.137451,0.05807002,0.07173969,0.1250377,0.06173356,0.5853301,-0.2103811,-0.2461261,0.7433373,0.07173969,0.1250377,0.06173356,0.06841923,0.1210289,0.05016539,-0.9181954,0.3359802,0.07017401,-0.1977629,0.06841923,0.1210289,0.05016539,0.06943953,0.123176,0.04307263,-0.9237992,0.3473847,-0.0134961,0.1604272
right,0.05983204,0.1451362,0.04630484,-0.05962878,0.1102811,0.07712665,-0.2702151,-0.9627333,-0.01133202,-0.2746467,0.06579493,0.9592915,-0.01388778,-0.1419907,-0.1357958,0.9804108,1,0.6691651,0.05787731,0.1455015,0.00870802,0.05787731,0.1455015,0.00870802,-0.2255027,-0.2813065,0.3757042,0.8537339,0.05787731,0.1455015,0.00870802,0.03055429,0.1451118,0.03019519,-0.1875148,-0.3946862,0.397541,0.8068595,0.03055429,0.1451118,0.03019519,0.02003796,0.1404892,0.04519068,-0.03181753,-0.3194814,0.4651434,0.8249611,0.02003796,0.1404892,0.04519068,0.02072175,0.1336591,0.05510293,0.2601531,-0.1458095,0.5472947,0.7820028,0.06288835,0.153848,0.01331018,0.04019317,0.1521197,0.0569556,0.04656101,-0.2334424,-0.1171047,0.9641697,0.04019317,0.1521197,0.0569556,0.0356474,0.1328705,0.06530596,0.5345029,-0.1408296,0.02142928,0.8330753,0.0356474,0.1328705,0.06530596,0.03877131,0.1241895,0.05540924,-0.9295238,0.04139907,-0.1392905,-0.3389243,0.03877131,0.1241895,0.05540924,0.04257631,0.1255625,0.04610808,-0.9783581,-0.03645773,-0.1940306,0.06195507,0.06926262,0.153891,0.01775239,0.05344678,0.1506219,0.06154982,0.06924519,-0.1615026,-0.1967596,0.9645764,0.05344678,0.1506219,0.06154982,0.04129136,0.1302961,0.06706967,0.5644014,-0.2606869,-0.08308624,0.7788389,0.04129136,0.1302961,0.06706967,0.04356894,0.1242462,0.05086247,-0.9465911,0.2615058,-0.1110656,-0.1524609,0.04356894,0.1242462,0.05086247,0.04824165,0.1278413,0.04153948,-0.9383001,0.2053851,-0.1791325,0.2128881,0.07707266,0.1497474,0.02142538,0.06878733,0.1451347,0.06224952,0.07679658,-0.08407743,-0.2285893,0.9668403,0.06878733,0.1451347,0.06224952,0.05478472,0.1260887,0.06694575,0.5746405,-0.2690008,-0.1506357,0.7581133,0.05478472,0.1260887,0.06694575,0.05451782,0.1234285,0.05357356,-0.9233059,0.3712172,-0.02743916,-0.09460993,0.05451782,0.1234285,0.05357356,0.05760436,0.1263942,0.04534126,-0.9069576,0.3479137,-0.1009395,0.2149307,0.0830312,0.1425871,0.02022834,0.08097701,0.1384446,0.05874843,0.05901726,-0.00898424,-0.3038282,0.9508547,0.08097701,0.1384446,0.05874843,0.07120416,0.1260395,0.0623458,0.5861415,-0.2130411,-0.2448886,0.7423484,0.07120416,0.1260395,0.0623458,0.06791329,0.1220542,0.05072151,-0.917732,0.3385918,0.06862669,-0.1959948,0.06791329,0.1220542,0.05072151,0.06897762,0.1242394,0.04360913,-0.9225339,0.34938,-0.01493213,0.1632229
right,0.05983204,0.1451362,0.04630484,-0.05962878,0.1102811,0.07712665,-0.2702151,-0.9627333,-0.01133202,-0.2746467,0.06579493,0.9592915,-0.01388778,-0.1419907,-0.1357958,0.9804108,1,0.6691651,0.05787731,0.1455015,0.00870802,0.05787731,0.1455015,0.00870802,-0.2255027,-0.2813065,0.3757042,0.8537339,0.05787731,0.1455015,0.00870802,0.03055429,0.1451118,0.03019519,-0.1875148,-0.3946862,0.397541,0.8068595,0.03055429,0.1451118,0.03019519,0.02003796,0.1404892,0.04519068,-0.03181753,-0.3194814,0.4651434,0.8249611,0.02003796,0.1404892,0.04519068,0.02072175,0.1336591,0.05510293,0.2601531,-0.1458095,0.5472947,0.7820028,0.06288835,0.153848,0.01331018,0.04019317,0.1521197,0.0569556,0.04656101,-0.2334424,-0.1171047,0.9641697,0.04019317,0.1521197,0.0569556,0.0356474,0.1328705,0.06530596,0.5345029,-0.1408296,0.02142928,0.8330753,0.0356474,0.1328705,0.06530596,0.03877131,0.1241895,0.05540924,-0.9295238,0.04139907,-0.1392905,-0.3389243,0.03877131,0.1241895,0.05540924,0.04257631,0.1255625,0.04610808,-0.9783581,-0.03645773,-0.1940306,0.06195507,0.06926262,0.153891,0.01775239,0.05344678,0.1506219,0.06154982,0.06924519,-0.1615026,-0.1967596,0.9645764,0.05344678,0.1506219,0.06154982,0.04129136,0.1302961,0.06706967,0.5644014,-0.2606869,-0.08308624,0.7788389,0.04129136,0.1302961,0.06706967,0.04356894,0.1242462,0.05086247,-0.9465911,0.2615058,-0.1110656,-0.1524609,0.04356894,0.1242462,0.05086247,0.04824165,0.1278413,0.04153948,-0.9383001,0.2053851,-0.1791325,0.2128881,0.07707266,0.1497474,0.02142538,0.06878733,0.1451347,0.06224952,0.07679658,-0.08407743,-0.2285893,0.9668403,0.06878733,0.1451347,0.06224952,0.05478472,0.1260887,0.06694575,0.5746405,-0.2690008,-0.1506357,0.7581133,0.05478472,0.1260887,0.06694575,0.05451782,0.1234285,0.05357356,-0.9233059,0.3712172,-0.02743916,-0.09460993,0.05451782,0.1234285,0.05357356,0.05760436,0.1263942,0.04534126,-0.9069576,0.3479137,-0.1009395,0.2149307,0.0830312,0.1425871,0.02022834,0.08097701,0.1384446,0.05874843,0.05901726,-0.00898424,-0.3038282,0.9508547,0.08097701,0.1384446,0.05874843,0.07120416,0.1260395,0.0623458,0.5861415,-0.2130411,-0.2448886,0.7423484,0.07120416,0.1260395,0.0623458,0.06791329,0.1220542,0.05072151,-0.917732,0.3385918,0.06862669,-0.1959948,0.06791329,0.1220542,0.05072151,0.06897762,0.1242394,0.04360913,-0.9225339,0.34938,-0.01493213,0.1632229
right,0.05930936,0.1460858,0.04668971,-0.05921329,0.1075729,0.04360126,-0.2674735,-0.9634917,-0.01190636,-0.2751603,0.06453314,0.9592301,-0.01341724,-0.1421441,-0.1344401,0.9805819,1,0.662676,0.05736531,0.1464603,0.009085462,0.05736531,0.1464603,0.009085462,-0.2249532,-0.2818669,0.3768081,0.8532073,0.05736531,0.1464603,0.009085462,0.03004085,0.14617,0.03052715,-0.1892571,-0.3943689,0.3976572,0.8065504,0.03004085,0.14617,0.03052715,0.01950953,0.1416115,0.04554726,-0.0335406,-0.3186904,0.4652129,0.8251596,0.01950953,0.1416115,0.04554726,0.02018312,0.134832,0.05549802,0.2579632,-0.1445276,0.5470324,0.783149,0.0623511,0.1548188,0.01369303,0.03964892,0.1530044,0.05732424,0.0471542,-0.2335117,-0.1157847,0.9642835,0.03964892,0.1530044,0.05732424,0.0351093,0.1336404,0.06567769,0.5352532,-0.1410179,0.02275725,0.8325263,0.0351093,0.1336404,0.06567769,0.0382537,0.1249665,0.0557641,-0.9296696,0.04156326,-0.1399955,-0.3382131,0.0382537,0.1249665,0.0557641,0.04208471,0.126421,0.04641878,-0.9780351,-0.03686773,-0.1944023,0.06554303,0.06872412,0.1548933,0.01815179,0.05290468,0.1515578,0.06193658,0.06974985,-0.1615199,-0.1954171,0.9648101,0.05290468,0.1515578,0.06193658,0.04069465,0.1311338,0.06731929,0.5663097,-0.2626352,-0.08154934,0.7769594,0.04069465,0.1311338,0.06731929,0.04303127,0.1251474,0.051099,-0.9463965,0.2630225,-0.1124517,-0.1500252,0.04303127,0.1251474,0.051099,0.04779564,0.1288343,0.04180185,-0.9366537,0.2056424,-0.1818052,0.2175728,0.07654525,0.1507593,0.02182772,0.06826017,0.1461031,0.0626415,0.07719721,-0.08407645,-0.2272229,0.9671305,0.06826017,0.1461031,0.0626415,0.05415997,0.1270156,0.06719635,0.5759628,-0.2720624,-0.1493286,0.7562737,0.05415997,0.1270156,0.06719635,0.05394795,0.1243899,0.05378553,-0.9224831,0.3736965,-0.02901432,-0.09237933,0.05394795,0.1243899,0.05378553,0.05712774,0.1274167,0.04555793,-0.905036,0.3493441,-0.1037087,0.2193471,0.08253579,0.1435993,0.02063157,0.08048048,0.1394322,0.05914396,0.05932006,-0.008987027,-0.3024687,0.9512692,0.08048048,0.1394322,0.05914396,0.07073918,0.1270157,0.06269159,0.587332,-0.2130285,-0.2436106,0.7418314,0.07073918,0.1270157,0.06269159,0.06753857,0.1230625,0.05102516,-0.9192178,0.3367075,0.06604176,-0.1931458,0.06753857,0.1230625,0.05102516,0.06864895,0.1253189,0.04389198,-0.9227297,0.3465862,-0.01650201,0.1678558
right,0.05930936,0.1460858,0.04668971,-0.05921329,0.1075729,0.04360126,-0.2674735,-0.9634917,-0.01190636,-0.2751603,0.06453314,0.9592301,-0.01341724,-0.1421441,-0.1344401,0.9805819,1,0.662676,0.05736531,0.1464603,0.009085462,0.05736531,0.1464603,0.009085462,-0.2249532,-0.2818669,0.3768081,0.8532073,0.05736531,0.1464603,0.009085462,0.03004085,0.14617,0.03052715,-0.1892571,-0.3943689,0.3976572,0.8065504,0.03004085,0.14617,0.03052715,0.01950953,0.1416115,0.04554726,-0.0335406,-0.3186904,0.4652129,0.8251596,0.01950953,0.1416115,0.04554726,0.02018312,0.134832,0.05549802,0.2579632,-0.1445276,0.5470324,0.783149,0.0623511,0.1548188,0.01369303,0.03964892,0.1530044,0.05732424,0.0471542,-0.2335117,-0.1157847,0.9642835,0.03964892,0.1530044,0.05732424,0.0351093,0.1336404,0.06567769,0.5352532,-0.1410179,0.02275725,0.8325263,0.0351093,0.1336404,0.06567769,0.0382537,0.1249665,0.0557641,-0.9296696,0.04156326,-0.1399955,-0.3382131,0.0382537,0.1249665,0.0557641,0.04208471,0.126421,0.04641878,-0.9780351,-0.03686773,-0.1944023,0.06554303,0.06872412,0.1548933,0.01815179,0.05290468,0.1515578,0.06193658,0.06974985,-0.1615199,-0.1954171,0.9648101,0.05290468,0.1515578,0.06193658,0.04069465,0.1311338,0.06731929,0.5663097,-0.2626352,-0.08154934,0.7769594,0.04069465,0.1311338,0.06731929,0.04303127,0.1251474,0.051099,-0.9463965,0.2630225,-0.1124517,-0.1500252,0.04303127,0.1251474,0.051099,0.04779564,0.1288343,0.04180185,-0.9366537,0.2056424,-0.1818052,0.2175728,0.07654525,0.1507593,0.02182772,0.06826017,0.1461031,0.0626415,0.07719721,-0.08407645,-0.2272229,0.9671305,0.06826017,0.1461031,0.0626415,0.05415997,0.1270156,0.06719635,0.5759628,-0.2720624,-0.1493286,0.7562737,0.05415997,0.1270156,0.06719635,0.05394795,0.1243899,0.05378553,-0.9224831,0.3736965,-0.02901432,-0.09237933,0.05394795,0.1243899,0.05378553,0.05712774,0.1274167,0.04555793,-0.905036,0.3493441,-0.1037087,0.2193471,0.08253579,0.1435993,0.02063157,0.08048048,0.1394322,0.05914396,0.05932006,-0.008987027,-0.3024687,0.9512692,0.08048048,0.1394322,0.05914396,0.07073918,0.1270157,0.06269159,0.587332,-0.2130285,-0.2436106,0.7418314,0.07073918,0.1270157,0.06269159,0.06753857,0.1230625,0.05102516,-0.9192178,0.3367075,0.06604176,-0.1931458,0.06753857,0.1230625,0.05102516,0.06864895,0.1253189,0.04389198,-0.9227297,0.3465862,-0.01650201,0.1678558
right,0.05885334,0.1470295,0.04687555,-0.05310581,0.1098971,0.02164234,-0.2653595,-0.9640797,-0.01160047,-0.2754441,0.06427366,0.959166,-0.01342723,-0.1422558,-0.133341,0.9807156,1,0.6569162,0.05691051,0.1473784,0.00926109,0.05691051,0.1473784,0.00926109,-0.2248252,-0.2821092,0.3777767,0.8527326,0.05691051,0.1473784,0.00926109,0.02957283,0.1471643,0.03068813,-0.1906519,-0.3939734,0.3979845,0.8062538,0.02957283,0.1471643,0.03068813,0.01903014,0.142643,0.04573884,-0.0346624,-0.3180169,0.465582,0.8251649,0.01903014,0.142643,0.04573884,0.01969249,0.1358834,0.05575667,0.2559415,-0.1436803,0.547018,0.7839779,0.06188165,0.1557592,0.01386786,0.0391784,0.1539108,0.05749363,0.04724582,-0.2335523,-0.1146826,0.9644009,0.0391784,0.1539108,0.05749363,0.03465388,0.134454,0.06587669,0.5354504,-0.1407522,0.02378902,0.8324156,0.03465388,0.134454,0.06587669,0.03782112,0.1257851,0.05595016,-0.9297867,0.04094341,-0.1405319,-0.3377442,0.03782112,0.1257851,0.05595016,0.04166624,0.1273163,0.04656332,-0.9777858,-0.03793018,-0.1943327,0.06878228,0.06825382,0.1558535,0.01833942,0.05243619,0.1524992,0.06212033,0.06976839,-0.1615501,-0.1943256,0.9650241,0.05243619,0.1524992,0.06212033,0.04020242,0.1319839,0.06744146,0.5673818,-0.2633572,-0.08033117,0.7760592,0.04020242,0.1319839,0.06744146,0.04257998,0.1260339,0.05120142,-0.9464455,0.2633412,-0.113273,-0.1485312,0.04257998,0.1260339,0.05120142,0.04742186,0.1298048,0.04190628,-0.9355434,0.2049776,-0.1838561,0.221223,0.07608519,0.1517259,0.02202139,0.06780477,0.1470664,0.06283307,0.07713284,-0.08410447,-0.2261421,0.9673865,0.06780477,0.1470664,0.06283307,0.05363678,0.127929,0.06732445,0.5764931,-0.2738202,-0.1483075,0.7554357,0.05363678,0.127929,0.06732445,0.05345865,0.1253256,0.05387835,-0.9219565,0.3752839,-0.02994527,-0.0908926,0.05345865,0.1253256,0.05387835,0.0567159,0.1284039,0.04564406,-0.9036383,0.3501487,-0.1059398,0.222734,0.08209751,0.1445759,0.02083313,0.08004573,0.1404183,0.05934431,0.05918185,-0.009046997,-0.30142,0.95161,0.08004573,0.1404183,0.05934431,0.07031046,0.1279983,0.06285264,0.5880491,-0.2137507,-0.2425412,0.7414059,0.07031046,0.1279983,0.06285264,0.06714265,0.1240774,0.05115185,-0.9194518,0.3373577,0.06505077,-0.1912238,0.06714265,0.1240774,0.05115185,0.06827315,0.1263747,0.04400175,-0.9221535,0.3469331,-0.01664948,0.1702738
